	Subfind_ID	t-t_merg	q	Type	mass	int_type	center	sfr	SFR	num_mergers_in_last_2Gyr	N	r_1	r_2
462	28	0.4713629178168759	0.21584868	Descendant	11606090000.0	1000	62	0.008517407	0.008517407	0	137	117.9072458311061	200.4626934779413
464	628953	0.4713629178168759	0.34664002	Descendant	846063900.0	1000	62	0.22513065	0.22513065	0	26	384.52030783565385	393.79253497080975
465	514737	0.3323170378168765	0.13924737	Descendant	184753730.0	1000	62	0.038884923	0.038884923	0	104	175.70286532566706	242.43349775010495
466	594035	0.3323170378168765	0.76016575	Descendant	579270900.0	1000	62	0.12424356	0.12424356	0	9	612.8708769810735	780.6479860950234
468	107	0.1437722578168765	0.79565334	Descendant	2261919000.0	1000	62	0.04819407	0.04819407	99	256	18.229604646564116	18.928348518768438
469	592701	0.1437722578168765	0.26140943	Descendant	689888900.0	1000	62	0.06306433	0.06306433	0	7	285.12508927484083	435.10448258492914
470	3	0.0	0.13042818	Merger	143334260000.0	100	62	0.62056184	0.62056184	2	30	219.03366903136893	291.6619922020109
471	41	0.0	0.11777298	Merger	1890292600.0	100	62	0.047876414	0.047876414	1	279	299.8101521308695	321.1322788042006
474	50228	0.0	0.1588062	Merger	3065669600.0	100	62	0.9874585	0.9874585	2	116	418.2937640896996	428.2026781700464
475	89095	0.0	0.72280854	Merger	567307500000.0	100	62	195.81581	195.81581	3	3	159.1624984794206	1251.706436620646
476	89096	0.0	0.41907874	Merger	49301140000.0	100	62	4.7424994	4.7424994	1	32	452.49062197344614	461.14688662269424
477	139041	0.0	0.39311668	Merger	227155280000.0	100	62	1.9231486	1.9231486	1	8	162.95165618782346	229.1914836897445
478	176690	0.0	0.10780543	Merger	4483522000.0	100	62	2.6726937	2.6726937	1	32	74.84156918335476	85.32726142132614
479	214251	0.0	0.21029332	Merger	73420840000.0	100	62	10.9387865	10.9387865	1	3	720.6240019400033	868.330527234601
480	214252	0.0	0.2540687	Merger	18701515000.0	100	62	4.708319	4.708319	1	7	93.84576316177815	153.19154961733298
481	219527	0.0	0.10200928	Merger	334983040000.0	100	62	4.810784	4.810784	1	5	471.68931980878233	1489.7850940514134
482	244695	0.0	1.8062291	Merger	212361170.0	100	62	0.37422106	0.37422106	1	118	10.37561338251372	11.102595411037694
483	252455	0.0	0.11568294	Merger	15499582000.0	100	62	4.6655827	4.6655827	3	10	142.65116831705444	158.64842578037988
484	283919	0.0	1.4081601	Merger	55001776000.0	100	62	0.31921774	0.31921774	1	2	370.9480825692154	1710.2960714329267
485	288703	0.0	0.99538195	Merger	4942820400.0	100	62	1.1771148	1.1771148	1	26	14.14645141446094	17.581405437400832
486	299416	0.0	0.15159412	Merger	112833470.0	100	62	0.026636273	0.026636273	1	155	51.09991192186979	53.1783024279101
487	299420	0.0	1.4793011	Merger	1214833900.0	100	62	1.8132946	1.8132946	1	59	25.360269525095582	25.93019329724521
488	315370	0.0	0.13419265	Merger	619253900.0	100	62	0.20738955	0.20738955	1	55	218.49265506621478	223.39310923358514
489	333940	0.0	0.37233403	Merger	4048511200.0	100	62	0.546388	0.546388	2	24	94.38480217930221	142.31864127375417
490	336542	0.0	0.69129705	Merger	851809660.0	100	62	0.08922647	0.08922647	1	40	47.29519725947391	146.02225129354724
491	345359	0.0	0.19853826	Merger	75441740000.0	100	62	0.1728957	0.1728957	1	1	1359.3107203779782	2080.741921320879
492	345804	0.0	0.24977432	Merger	466512540.0	100	62	0.12242822	0.12242822	1	46	114.0318154208712	123.42202428654151
493	352367	0.0	0.19966863	Merger	56155050000.0	100	62	5.996401	5.996401	2	6	1282.9795862216758	1488.057772199573
494	355097	0.0	1.8947538	Merger	5700655000.0	100	62	1.4827039	1.4827039	1	19	16.92536514381878	19.392866535386126
495	357073	0.0	0.15519273	Merger	64557250000.0	100	62	2.7709312	2.7709312	1	1	658.7021969988804	3926.8495280385264
496	361744	0.0	1.0392648	Merger	2566499800.0	100	62	1.7195601	1.7195601	1	19	10.531000924037109	14.40246222347606
497	389568	0.0	0.107634775	Merger	4476827600.0	100	62	2.8683465	2.8683465	2	9	36.762312030414435	110.36155034750566
498	400541	0.0	0.22781433	Merger	24345332000.0	100	62	3.9818604	3.9818604	1	8	307.3657776263002	738.0585791810018
499	401726	0.0	0.29538321	Merger	5876100600.0	100	62	0.9915956	0.9915956	1	18	146.57564233826196	849.9636168683319
500	417114	0.0	0.23613134	Merger	6866227700.0	100	62	2.243421	2.243421	1	10	108.27232970008988	666.5037932452661
501	424733	0.0	0.7726129	Merger	22213421000.0	100	62	5.5384793	5.5384793	1	6	1558.7396996280756	1730.5295277654
502	427848	0.0	0.5143075	Merger	6394366000.0	100	62	0.64653236	0.64653236	1	7	122.76198733557155	1246.4404232415798
503	435418	0.0	0.33756718	Merger	11491695000.0	100	62	3.2272618	3.2272618	1	5	595.109416894225	1218.5675761417572
504	437452	0.0	0.3832002	Merger	7836720000.0	100	62	2.3552132	2.3552132	1	13	169.42136187557864	271.66843540772663
505	451232	0.0	0.25405368	Merger	14991027000.0	100	62	1.6061059	1.6061059	1	6	681.5164021167195	683.6367895798043
506	470363	0.0	0.35396293	Merger	7247886300.0	100	62	2.1325505	2.1325505	1	3	1015.9153859609435	1510.7755945731208
507	494050	0.0	0.104095064	Merger	3421796900.0	100	62	1.3766356	1.3766356	1	17	489.4505701682736	1021.4980425154715
508	518096	0.0	0.17791262	Merger	260254140.0	100	62	0.03996744	0.03996744	1	18	70.34548956701641	422.80550142298256
509	518420	0.0	0.7768153	Merger	3182434000.0	100	62	0.42346492	0.42346492	1	10	715.8844170056357	1016.5942681018109
510	519404	0.0	0.153373	Merger	1155302800.0	100	62	0.099482216	0.099482216	1	38	162.28793339384248	652.0081804950755
511	534928	0.0	0.21927556	Merger	2532056600.0	100	62	0.46605566	0.46605566	1	104	783.0018232674141	847.1490733049959
512	536349	0.0	0.79939604	Merger	586102460.0	100	62	0.051036403	0.051036403	2	33	25.50222588693063	327.32159985224683
513	536742	0.0	0.24401575	Merger	1395519900.0	100	62	0.44861597	0.44861597	1	9	489.0508647043257	497.7744294435986
514	538633	0.0	0.19901137	Merger	3556776200.0	100	62	0.30444893	0.30444893	1	3	1232.112273171602	1433.4849463412213
515	542862	0.0	0.18585132	Merger	2174175700.0	100	62	0.15202683	0.15202683	1	10	507.34738480406884	545.9435300607352
516	546006	0.0	0.31423366	Merger	238726580.0	100	62	0.1325241	0.1325241	1	41	53.204583341937145	185.36541998340024
517	547926	0.0	0.23763789	Merger	2113278100.0	100	62	0.5553204	0.5553204	1	54	279.03727641537665	338.05831762004647
518	558233	0.0	0.42593107	Merger	179815730.0	100	62	0.038110558	0.038110558	1	107	133.33589873947253	154.23145546670466
519	559016	0.0	0.11938404	Merger	255368960.0	100	62	0.12891306	0.12891306	1	18	73.61705146638158	489.81711499719415
520	568363	0.0	0.3757206	Merger	335930560.0	100	62	0.046515167	0.046515167	1	5	73.49727987349638	556.8116086956804
521	570039	0.0	0.24738352	Merger	458917400.0	100	62	0.17247465	0.17247465	1	1	1632.6791707930317	2420.8835883487454
522	571827	0.0	0.35283953	Merger	718478340.0	100	62	0.083949715	0.083949715	1	26	171.8341934966679	264.66472528479795
523	572190	0.0	0.11280237	Merger	567366340.0	100	62	0.076881506	0.076881506	1	1	1000.3858985104371	2924.018163611644
524	574305	0.0	0.18907239	Merger	408454720.0	100	62	0.03584521	0.03584521	1	6	1350.491743603304	1762.7980581730992
525	576099	0.0	0.12822409	Merger	869505660.0	100	62	0.2294219	0.2294219	1	12	450.63695891484497	1122.1119819956477
526	585214	0.0	1.4351912	Merger	641449200.0	100	62	0.4973684	0.4973684	2	16	5.882543206274017	319.33769039793214
527	591462	0.0	0.36124837	Merger	241743840.0	100	62	0.033990495	0.033990495	1	117	321.53599507714415	325.4190192239104
528	596958	0.0	2.5985038	Merger	263157600.0	100	62	0.057066288	0.057066288	2	13	227.94327204609593	245.06126502020018
529	597691	0.0	0.25100037	Merger	441697200.0	100	62	0.18351848	0.18351848	1	17	491.7873885407489	793.6631327465724
530	603961	0.0	0.28084192	Merger	220150930.0	100	62	0.056015685	0.056015685	1	23	26.407588028781564	264.39072030849104
531	604582	0.0	0.20912264	Merger	518298880.0	100	62	0.11180196	0.11180196	1	28	351.88383516531314	1081.870735122653
532	610878	0.0	0.4731469	Merger	116251100.0	100	62	0.014445964	0.014445964	1	71	30.084614571729446	324.7015313095197
533	615241	0.0	0.16620696	Merger	224923840.0	100	62	0.022240758	0.022240758	2	15	593.3602767437599	836.9378394750869
534	621572	0.0	0.37754098	Merger	150606260.0	100	62	0.115968	0.115968	1	40	814.9666302890353	917.3788652404959
535	625588	0.0	0.22967409	Merger	312783360.0	100	62	0.05231394	0.05231394	1	72	527.6530731811972	805.7184934536626
536	629274	0.0	0.1333771	Merger	194000800.0	100	62	0.08983056	0.08983056	1	12	607.8063817407617	659.949959767549
537	632558	0.0	1.3659735	Merger	132026760.0	100	62	0.08595454	0.08595454	1	10	402.2127518430768	422.9394129165628
538	638273	0.0	0.25449243	Merger	121087816.0	100	62	0.0514543	0.0514543	1	76	263.89079811859557	282.2565980377552
539	641649	0.0	0.10604157	Merger	202233860.0	100	62	0.07116402	0.07116402	1	12	578.7790618758047	944.2107863370716
540	646867	0.0	0.10520101	Merger	136048140.0	100	62	0.009256745	0.009256745	1	9	1645.9618305590175	1653.7928527993806
541	647039	0.0	0.3299054	Merger	124769840.0	100	62	0.0649203	0.0649203	2	88	471.88611879016304	802.4519355593286
542	648567	0.0	0.1848186	Merger	190087600.0	100	62	0.010413681	0.010413681	2	103	274.1611410047491	337.22360701234425
543	650825	0.0	0.11468189	Merger	157424910.0	100	62	0.061085068	0.061085068	1	46	336.46955075247615	427.0447766561368
544	657372	0.0	0.2576365	Merger	231590020.0	100	62	0.03428424	0.03428424	2	32	886.5168911139476	1191.1896085810063
545	657936	0.0	0.2540276	Merger	213500510.0	100	62	0.037354086	0.037354086	1	207	85.40602757525481	167.6373432430141
546	661007	0.0	1.6161977	Merger	254874980.0	100	62	0.060061	0.060061	1	120	205.38149775113723	235.9502158822297
547	663608	0.0	0.2912336	Merger	89284616.0	100	62	0.01959017	0.01959017	1	10	337.72949014018	444.8296437622815
548	663971	0.0	0.105582364	Merger	209975840.0	100	62	0.06200408	0.06200408	1	118	342.2934543300997	451.1856034496623
549	668752	0.0	0.17618668	Merger	196300270.0	100	62	0.040678255	0.040678255	1	48	448.5323520381779	469.09433780265215
550	668791	0.0	0.15917192	Merger	161476560.0	100	62	0.012695144	0.012695144	1	15	212.9395749214132	243.12744656627368
551	669411	0.0	0.1489175	Merger	136575940.0	100	62	0.0435661	0.0435661	1	39	1225.3389897403772	1251.8810045388718
552	674715	0.0	0.109081574	Merger	102059260.0	100	62	0.035714734	0.035714734	1	19	349.5207129032672	576.8455550187948
553	677921	0.0	0.102557585	Merger	93147976.0	100	62	0.024006583	0.024006583	1	50	596.6173897884651	704.4191385782347
554	680761	0.0	0.21579473	Merger	84645256.0	100	62	0.014029774	0.014029774	2	25	354.658781933005	503.4076109122096
555	687039	0.0	0.99188685	Merger	159097250.0	100	62	0.055568114	0.055568114	1	128	383.3667354583171	393.746899738378
556	693454	0.0	0.1600004	Merger	91461390.0	100	62	0.02567097	0.02567097	1	56	544.6894433404028	641.4238097600862
557	694557	0.0	0.38110352	Merger	93975290.0	100	62	0.025324624	0.025324624	1	12	475.23869938075165	479.9817647010974
558	696936	0.0	0.23117234	Merger	89688776.0	100	62	0.01101575	0.01101575	2	57	658.2944879401772	820.4035339118278
