	level_0	index	Subfind_ID	t-t_merg	q	Type	mass	int_type	center
0	0	7	55	0.0	0.98882407	Merger	5468340700.0	100	56
1	1	8	61	0.0	0.98734725	Merger	3787562000.0	100	56
2	2	9	46469	0.0	0.37699747	Merger	131883650000.0	100	56
3	3	10	142237	0.0	0.47261155	Merger	321185250.0	100	56
4	4	11	215465	0.0	1.3064946	Merger	239659580000.0	100	56
5	5	12	254203	0.0	0.7576422	Merger	506287780.0	100	56
6	6	13	273140	0.0	0.2528622	Merger	82834070000.0	100	56
7	7	14	275730	0.0	0.818962	Merger	432928030.0	100	56
8	8	15	290602	0.0	1.1587468	Merger	183005810.0	100	56
9	9	16	300101	0.0	0.28473267	Merger	64925835000.0	100	56
10	10	17	318198	0.0	0.99279255	Merger	1665110000.0	100	56
11	11	18	331696	0.0	0.24963449	Merger	4350222000.0	100	56
12	12	19	332874	0.0	0.21271698	Merger	50035090000.0	100	56
13	13	20	337575	0.0	0.13042684	Merger	1413546800.0	100	56
14	14	21	346376	0.0	0.2529118	Merger	22108330000.0	100	56
15	15	22	363094	0.0	0.16853659	Merger	19821150000.0	100	56
16	16	23	376643	0.0	0.15162207	Merger	15060567000.0	100	56
17	17	24	387508	0.0	0.14114843	Merger	12229134000.0	100	56
18	18	25	391431	0.0	0.180699	Merger	1461446400.0	100	56
19	19	26	414244	0.0	0.18666995	Merger	240019980.0	100	56
20	20	27	418116	0.0	0.33588368	Merger	818886700.0	100	56
21	21	28	439919	0.0	0.28201643	Merger	489243500.0	100	56
22	22	29	453791	0.0	0.14398459	Merger	11931643000.0	100	56
23	23	30	456050	0.0	0.21923639	Merger	4317518000.0	100	56
24	24	31	483010	0.0	1.5883695	Merger	5307244500.0	100	56
25	25	32	498022	0.0	0.31976774	Merger	1267913300.0	100	56
26	26	33	498878	0.0	0.101736344	Merger	349767400.0	100	56
27	27	34	508215	0.0	0.119591415	Merger	2870876400.0	100	56
28	28	35	508808	0.0	0.23484978	Merger	1841479400.0	100	56
29	29	36	510446	0.0	1.1756067	Merger	2632015600.0	100	56
30	30	37	523406	0.0	0.8242529	Merger	118655030.0	100	56
31	31	38	530997	0.0	0.17003249	Merger	580464400.0	100	56
32	32	39	531916	0.0	0.11977655	Merger	931295400.0	100	56
33	33	40	547460	0.0	1.9860544	Merger	159108260.0	100	56
34	34	41	548738	0.0	0.22345518	Merger	605131400.0	100	56
35	35	42	550664	0.0	0.27122733	Merger	134004530.0	100	56
36	36	43	560503	0.0	0.16857708	Merger	423041700.0	100	56
37	37	44	567218	0.0	0.22431782	Merger	208955120.0	100	56
38	38	45	574548	0.0	0.10100552	Merger	517693600.0	100	56
39	39	46	577271	0.0	0.25755993	Merger	291846660.0	100	56
40	40	47	577860	0.0	0.1172327	Merger	323755500.0	100	56
41	41	48	585391	0.0	2.569263	Merger	115690490.0	100	56
42	42	49	587216	0.0	0.4998682	Merger	311589540.0	100	56
43	43	50	588961	0.0	0.9535394	Merger	236731040.0	100	56
44	44	51	595595	0.0	0.19755788	Merger	534851000.0	100	56
45	45	52	596824	0.0	1.0217342	Merger	298701250.0	100	56
46	46	53	597929	0.0	0.25844288	Merger	386486980.0	100	56
47	47	54	603714	0.0	0.1299562	Merger	326072580.0	100	56
48	48	55	605429	0.0	0.27940616	Merger	306677120.0	100	56
49	49	56	609526	0.0	0.10740488	Merger	160997060.0	100	56
50	50	57	620256	0.0	0.40010232	Merger	200841380.0	100	56
51	51	58	624164	0.0	0.17542252	Merger	166303330.0	100	56
52	52	59	628452	0.0	0.11079886	Merger	93128170.0	100	56
53	53	60	629104	0.0	1.8921554	Merger	84289010.0	100	56
54	54	61	635468	0.0	0.8030889	Merger	124746900.0	100	56
55	55	62	638031	0.0	0.29030007	Merger	176310690.0	100	56
56	56	63	638996	0.0	0.3075957	Merger	108213830.0	100	56
57	57	64	642963	0.0	1.4064958	Merger	125774360.0	100	56
58	58	65	650272	0.0	0.17354389	Merger	139414960.0	100	56
59	59	66	658182	0.0	0.35633272	Merger	99118510.0	100	56
60	60	67	658375	0.0	0.101840705	Merger	102098100.0	100	56
61	61	68	659517	0.0	0.28979802	Merger	145260960.0	100	56
62	62	69	659766	0.0	0.5487741	Merger	94680536.0	100	56
63	63	97	568579	-0.1759762978134107	0.29210275	first_progenitor	1663739600.0	1	56
64	64	100	344076	-0.1759762978134107	0.34529662	next_progenitor	1331638900.0	10	56
65	65	376	523845	-0.4925552878134107	0.121315986	first_progenitor	892294850.0	1	56
66	66	412	595653	-0.4925552878134107	0.4491788	next_progenitor	287252800.0	10	56
67	0	7	55	0.1759762978134107	0.98882407	Descendant	803378200.0	1000	57
68	1	8	61	0.1759762978134107	0.98734725	Descendant	4234939100.0	1000	57
69	2	68	47378	0.0	0.38965583	Merger	939524350.0	100	57
70	3	69	47385	0.0	0.21775016	Merger	2151491800.0	100	57
71	4	70	125961	0.0	0.18228519	Merger	6255055000.0	100	57
72	5	71	130904	0.0	0.22714871	Merger	793414300.0	100	57
73	6	72	187942	0.0	0.13108778	Merger	227787780000.0	100	57
74	7	73	216652	0.0	0.1415791	Merger	284976350.0	100	57
75	8	74	227030	0.0	0.14098632	Merger	402530200.0	100	57
76	9	75	228490	0.0	0.11009725	Merger	154179810000.0	100	57
77	10	76	268160	0.0	0.1006543	Merger	966017340.0	100	57
78	11	77	279426	0.0	0.10490169	Merger	2390297300.0	100	57
79	12	78	299703	0.0	0.3359844	Merger	173021860.0	100	57
80	13	79	307153	0.0	0.118597366	Merger	25169089000.0	100	57
81	14	80	326329	0.0	1.4536315	Merger	2290955800.0	100	57
82	15	81	330583	0.0	0.16522574	Merger	23861803000.0	100	57
83	16	82	330585	0.0	0.29210275	Merger	426328060.0	100	57
84	17	83	353014	0.0	0.34529662	Merger	36817617000.0	100	57
85	18	84	359002	0.0	0.32369772	Merger	423771230.0	100	57
86	19	85	359555	0.0	1.0230731	Merger	16441833000.0	100	57
87	20	86	365257	0.0	0.11365602	Merger	47480013000.0	100	57
88	21	87	373407	0.0	0.16302459	Merger	39559580000.0	100	57
89	22	88	377279	0.0	0.31909364	Merger	585873340.0	100	57
90	23	89	408005	0.0	0.11151849	Merger	978667500.0	100	57
91	24	90	410539	0.0	0.22455904	Merger	6714803700.0	100	57
92	25	91	418810	0.0	0.25376344	Merger	200585330.0	100	57
93	26	92	438469	0.0	0.161123	Merger	6422842000.0	100	57
94	27	93	440140	0.0	0.23247764	Merger	92931110.0	100	57
95	28	94	441500	0.0	0.11031538	Merger	322535940.0	100	57
96	29	95	455985	0.0	0.19295496	Merger	332819650.0	100	57
97	30	96	469449	0.0	0.23590608	Merger	4466325000.0	100	57
98	31	97	477188	0.0	0.13909727	Merger	4742929000.0	100	57
99	32	98	477896	0.0	0.9532512	Merger	4524642300.0	100	57
100	33	99	481408	0.0	0.30859715	Merger	4047724800.0	100	57
101	34	100	492691	0.0	0.21777694	Merger	3975213600.0	100	57
102	35	101	497348	0.0	0.1888907	Merger	3432388600.0	100	57
103	36	102	501098	0.0	0.25154102	Merger	713148100.0	100	57
104	37	103	514479	0.0	0.18712515	Merger	104360960.0	100	57
105	38	104	529444	0.0	0.33944678	Merger	1157900500.0	100	57
106	39	105	552554	0.0	0.12321066	Merger	525482620.0	100	57
107	40	106	552702	0.0	0.16650137	Merger	486331330.0	100	57
108	41	107	554406	0.0	0.52681965	Merger	134182170.0	100	57
109	42	108	563241	0.0	0.3197638	Merger	197487380.0	100	57
110	43	109	564569	0.0	0.44006512	Merger	1193188900.0	100	57
111	44	110	571096	0.0	0.12842646	Merger	510860480.0	100	57
112	45	111	572913	0.0	0.12567753	Merger	574222800.0	100	57
113	46	112	574789	0.0	0.11372999	Merger	126262856.0	100	57
114	47	113	578912	0.0	0.14658983	Merger	242469870.0	100	57
115	48	114	592619	0.0	0.7012795	Merger	123572460.0	100	57
116	49	115	593001	0.0	0.12869221	Merger	341496030.0	100	57
117	50	116	599555	0.0	0.5351219	Merger	288134180.0	100	57
118	51	117	599640	0.0	1.7686545	Merger	403976700.0	100	57
119	52	118	600456	0.0	0.12754276	Merger	297280320.0	100	57
120	53	119	606594	0.0	0.40435904	Merger	106119030.0	100	57
121	54	120	619274	0.0	0.39367345	Merger	182488560.0	100	57
122	55	121	621229	0.0	0.41114652	Merger	258458080.0	100	57
123	56	122	624240	0.0	0.2662199	Merger	89092820.0	100	57
124	57	123	628833	0.0	0.20293117	Merger	174925570.0	100	57
125	58	124	635265	0.0	0.13702947	Merger	85422630.0	100	57
126	59	125	638042	0.0	2.070251	Merger	148107260.0	100	57
127	60	126	639899	0.0	0.116632335	Merger	145364450.0	100	57
128	61	127	641817	0.0	0.1835456	Merger	116924030.0	100	57
129	62	128	645510	0.0	0.30294126	Merger	139238080.0	100	57
130	63	129	661727	0.0	0.17195988	Merger	130272056.0	100	57
131	64	130	663628	0.0	0.16668236	Merger	99345816.0	100	57
132	65	131	667846	0.0	0.10811219	Merger	123631260.0	100	57
133	66	132	676482	0.0	0.27434456	Merger	96633530.0	100	57
134	67	133	690706	0.0	0.78322995	Merger	115193010.0	100	57
135	68	134	699317	0.0	0.12609318	Merger	89124440.0	100	57
136	69	136	206	-0.1343308299999996	0.8074189	next_progenitor	222931980.0	10	57
137	70	246	579498	-0.1343308299999996	0.12713893	first_progenitor	550493200.0	1	57
138	71	359	611457	-0.31657899	0.10314459	first_progenitor	314198800.0	1	57
139	72	459	561119	-0.4556248699999994	0.10297792	first_progenitor	611411460.0	1	57
140	0	0	55	0.3103071278134104	0.98882407	Descendant	348477340.0	1001	58
141	1	4	61	0.3103071278134104	0.98734725	Descendant	731876740.0	1000	58
142	2	120	624240	0.1343308299999996	0.2662199	Descendant	416980640.0	1000	58
143	3	133	198	0.0	0.8074189	Merger	659656500.0	100	58
144	4	134	30710	0.0	0.2030408	Merger	2069769900000.0	100	58
145	5	135	67980	0.0	0.19348885	Merger	32065718000.0	100	58
146	6	136	93734	0.0	0.3431851	Merger	1726218500.0	100	58
147	7	137	102984	0.0	0.5894874	Merger	65487700000.0	100	58
148	8	138	121317	0.0	0.9498936	Merger	5350681600.0	100	58
149	9	139	194959	0.0	0.16444176	Merger	40306300000.0	100	58
150	10	140	198861	0.0	0.749031	Merger	1183390500.0	100	58
151	11	141	227339	0.0	0.89791477	Merger	1142740700.0	100	58
152	12	142	231930	0.0	0.3356253	Merger	154943800000.0	100	58
153	13	143	234570	0.0	0.18115164	Merger	200760840000.0	100	58
154	14	144	246199	0.0	0.14506209	Merger	152078500000.0	100	58
155	15	145	253572	0.0	0.10653771	Merger	27087649000.0	100	58
156	16	146	260649	0.0	0.90959734	Merger	623231040.0	100	58
157	17	147	283642	0.0	0.23608892	Merger	68636020000.0	100	58
158	18	148	319582	0.0	1.2994486	Merger	71497230000.0	100	58
159	19	149	320658	0.0	0.17718886	Merger	86490170000.0	100	58
160	20	150	322207	0.0	0.103487484	Merger	63576027000.0	100	58
161	21	151	327985	0.0	0.15110241	Merger	8149169000.0	100	58
162	22	152	358873	0.0	0.1446793	Merger	49114776000.0	100	58
163	23	153	362496	0.0	0.20658205	Merger	13443974000.0	100	58
164	24	154	363558	0.0	0.23711723	Merger	1574827100.0	100	58
165	25	155	366370	0.0	0.39253137	Merger	17108053000.0	100	58
166	26	156	367251	0.0	0.26854393	Merger	33357490000.0	100	58
167	27	157	372403	0.0	0.45697418	Merger	21061337000.0	100	58
168	28	158	379947	0.0	0.37132937	Merger	581761300.0	100	58
169	29	159	386162	0.0	0.8359107	Merger	30125920000.0	100	58
170	30	160	419200	0.0	0.77338576	Merger	1137769100.0	100	58
171	31	161	419874	0.0	0.9054617	Merger	242595300.0	100	58
172	32	162	456476	0.0	0.14021604	Merger	12327524000.0	100	58
173	33	163	461437	0.0	0.12908018	Merger	2771015400.0	100	58
174	34	164	463633	0.0	0.17483823	Merger	4228204800.0	100	58
175	35	165	464109	0.0	0.29603872	Merger	8051710500.0	100	58
176	36	166	476427	0.0	0.32547733	Merger	2696282400.0	100	58
177	37	167	479092	0.0	0.110588886	Merger	3438837000.0	100	58
178	38	168	481672	0.0	0.12504828	Merger	4699589000.0	100	58
179	39	169	485400	0.0	0.11320766	Merger	1928365300.0	100	58
180	40	170	488392	0.0	0.22039053	Merger	2581011700.0	100	58
181	41	171	490452	0.0	0.7473339	Merger	218222260.0	100	58
182	42	172	498548	0.0	0.12625049	Merger	1499103200.0	100	58
183	43	173	505523	0.0	0.25077403	Merger	2901028600.0	100	58
184	44	174	505816	0.0	0.25297365	Merger	212152560.0	100	58
185	45	175	516293	0.0	0.40104944	Merger	1504870900.0	100	58
186	46	176	523929	0.0	0.33979824	Merger	498339400.0	100	58
187	47	177	525306	0.0	0.13499297	Merger	4029937700.0	100	58
188	48	178	530573	0.0	0.15503858	Merger	1736769800.0	100	58
189	49	179	540993	0.0	0.10413232	Merger	431923940.0	100	58
190	50	180	544513	0.0	0.1491165	Merger	881482100.0	100	58
191	51	181	548257	0.0	0.12187175	Merger	95951784.0	100	58
192	52	182	555031	0.0	0.57330537	Merger	479244060.0	100	58
193	53	183	556094	0.0	1.3548849	Merger	321028700.0	100	58
194	54	184	558781	0.0	0.12467136	Merger	494626340.0	100	58
195	55	185	561947	0.0	0.40923432	Merger	101678856.0	100	58
196	56	186	563025	0.0	0.30581045	Merger	112539096.0	100	58
197	57	187	564028	0.0	0.6407783	Merger	162191360.0	100	58
198	58	188	577570	0.0	0.23640068	Merger	512839580.0	100	58
199	59	189	582327	0.0	0.3499821	Merger	486685760.0	100	58
200	60	190	585007	0.0	0.12713893	Merger	116941780.0	100	58
201	61	191	589634	0.0	0.17743148	Merger	357211260.0	100	58
202	62	192	612109	0.0	0.11789794	Merger	1009791900.0	100	58
203	63	193	626822	0.0	1.4113151	Merger	168589780.0	100	58
204	64	194	629730	0.0	0.12202161	Merger	145480660.0	100	58
205	65	195	630960	0.0	0.2470356	Merger	131859430.0	100	58
206	66	196	637895	0.0	0.13793981	Merger	131975864.0	100	58
207	67	197	639887	0.0	0.259382	Merger	158020200.0	100	58
208	68	198	645067	0.0	0.5744301	Merger	113444296.0	100	58
209	69	199	645099	0.0	0.21672814	Merger	92065440.0	100	58
210	70	200	652556	0.0	0.28753302	Merger	146608050.0	100	58
211	71	201	653282	0.0	0.12275221	Merger	139087380.0	100	58
212	72	202	655853	0.0	0.11775754	Merger	87891200.0	100	58
213	73	203	662990	0.0	0.40311828	Merger	104064620.0	100	58
214	74	204	670492	0.0	0.11614664	Merger	140792240.0	100	58
215	75	205	675771	0.0	0.16773182	Merger	100418180.0	100	58
216	76	206	680106	0.0	0.153924	Merger	87299770.0	100	58
217	77	207	684236	0.0	0.402846	Merger	92541144.0	100	58
218	78	208	29	-0.1822481600000003	0.21584868	first_progenitor	7186261000.0	1	58
219	79	209	62	-0.1822481600000003	0.21584868	next_progenitor	4228662300.0	10	58
220	80	210	56	-0.1822481600000003	0.9099219	next_progenitor	2655350000.0	10	58
221	81	272	561389	-0.1822481600000003	0.5079025	next_progenitor	1454041700.0	10	58
222	82	312	635203	-0.1822481600000003	1.1740551	next_progenitor	96397600.0	10	58
223	83	362	400528	-0.3212940399999997	0.21670805	next_progenitor	17032621000.0	10	58
224	84	416	558057	-0.3212940399999997	0.12472586	next_progenitor	329520060.0	10	58
225	85	441	614368	-0.3212940399999997	2.0724218	first_progenitor	710597760.0	1	58
226	86	448	629909	-0.3212940399999997	0.18223548	next_progenitor	168506990.0	10	58
227	0	8	55	0.4925552878134107	0.98882407	Descendant	796731200.0	1000	59
228	1	9	61	0.4925552878134107	0.98734725	Descendant	1795666300.0	1000	59
229	2	119	599555	0.31657899	0.5351219	Descendant	122668880.0	1000	59
230	3	138	198	0.1822481600000003	0.8074189	Descendant	212280820.0	1000	59
231	4	201	637895	0.1822481600000003	0.13793981	Descendant	189172460.0	1000	59
232	5	213	28	0.0	0.21584868	Merger	17560779000.0	100	59
233	6	214	63	0.0	0.9099219	Merger	5145704400.0	100	59
234	7	215	48195	0.0	1.6921146	Merger	76615580000.0	100	59
235	8	216	69851	0.0	0.8209507	Merger	1169901300.0	100	59
236	9	217	95241	0.0	0.12836683	Merger	11837707000.0	100	59
237	10	218	181455	0.0	0.49858567	Merger	2322389800.0	100	59
238	11	219	184884	0.0	0.23344274	Merger	167124540.0	100	59
239	12	220	206048	0.0	0.41241127	Merger	487094270.0	100	59
240	13	221	241194	0.0	0.3509257	Merger	182066170000.0	100	59
241	14	222	256990	0.0	0.12139562	Merger	133027576.0	100	59
242	15	223	264368	0.0	0.38542032	Merger	102901190000.0	100	59
243	16	224	270265	0.0	1.4872981	Merger	689177200.0	100	59
244	17	225	272860	0.0	0.45392564	Merger	5084405000.0	100	59
245	18	226	284826	0.0	0.39251012	Merger	51492168000.0	100	59
246	19	227	301104	0.0	0.12944584	Merger	5514407000.0	100	59
247	20	228	321631	0.0	0.16978051	Merger	421319680.0	100	59
248	21	229	350680	0.0	0.48839775	Merger	571575900.0	100	59
249	22	230	354712	0.0	0.40449166	Merger	255271070.0	100	59
250	23	231	393993	0.0	0.25678483	Merger	19446137000.0	100	59
251	24	232	400474	0.0	0.54318273	Merger	17865409000.0	100	59
252	25	233	425665	0.0	0.13938949	Merger	6940598300.0	100	59
253	26	234	426770	0.0	0.3122706	Merger	435267140.0	100	59
254	27	235	430557	0.0	0.19565602	Merger	163579550.0	100	59
255	28	236	467728	0.0	0.37136504	Merger	4091527000.0	100	59
256	29	237	507060	0.0	0.19535747	Merger	338486100.0	100	59
257	30	238	510375	0.0	0.9164569	Merger	3225444400.0	100	59
258	31	239	535252	0.0	0.15726034	Merger	548881900.0	100	59
259	32	240	538699	0.0	0.121315986	Merger	756610100.0	100	59
260	33	241	550486	0.0	0.22629012	Merger	816292400.0	100	59
261	34	242	557068	0.0	0.13870259	Merger	654544600.0	100	59
262	35	243	558392	0.0	0.11737759	Merger	584851260.0	100	59
263	36	244	562936	0.0	0.21612404	Merger	1318726400.0	100	59
264	37	245	564470	0.0	0.5263708	Merger	225980860.0	100	59
265	38	246	565037	0.0	0.5079025	Merger	217816880.0	100	59
266	39	247	568357	0.0	0.42972824	Merger	140235260.0	100	59
267	40	248	571859	0.0	0.1269927	Merger	253576930.0	100	59
268	41	249	574579	0.0	1.4419006	Merger	480309950.0	100	59
269	42	250	579938	0.0	0.14309436	Merger	733670140.0	100	59
270	43	251	584374	0.0	0.26688507	Merger	390638460.0	100	59
271	44	252	584774	0.0	0.25936633	Merger	196859500.0	100	59
272	45	253	585734	0.0	0.13596052	Merger	601771300.0	100	59
273	46	254	586123	0.0	0.12497591	Merger	444724830.0	100	59
274	47	255	589119	0.0	0.28612697	Merger	135270270.0	100	59
275	48	256	603357	0.0	0.14641194	Merger	252916290.0	100	59
276	49	257	609882	0.0	0.16856351	Merger	169192320.0	100	59
277	50	258	615802	0.0	0.42979988	Merger	269467940.0	100	59
278	51	259	615959	0.0	0.4491788	Merger	274391360.0	100	59
279	52	260	617756	0.0	0.10772596	Merger	226508720.0	100	59
280	53	261	618721	0.0	0.10314459	Merger	300519550.0	100	59
281	54	262	621056	0.0	0.15491426	Merger	193520780.0	100	59
282	55	263	628583	0.0	0.3471172	Merger	198726000.0	100	59
283	56	264	628953	0.0	0.34664002	Merger	373079840.0	100	59
284	57	265	631646	0.0	0.6666211	Merger	176923950.0	100	59
285	58	266	639189	0.0	1.1740551	Merger	247782400.0	100	59
286	59	267	641538	0.0	0.108690076	Merger	90010184.0	100	59
287	60	268	641603	0.0	0.15551715	Merger	121964980.0	100	59
288	61	269	644689	0.0	0.26277858	Merger	115822680.0	100	59
289	62	270	645985	0.0	1.4586376	Merger	170601280.0	100	59
290	63	271	654193	0.0	0.30522302	Merger	165297250.0	100	59
291	64	272	660140	0.0	0.44372633	Merger	101021120.0	100	59
292	65	273	670782	0.0	0.2952636	Merger	89857150.0	100	59
293	66	303	296539	-0.1390458799999994	0.4519644	first_progenitor	124753400.0	1	59
294	67	305	329128	-0.1390458799999994	0.1863316	first_progenitor	31009489000.0	1	59
295	68	306	329131	-0.1390458799999994	0.1863316	next_progenitor	168016240.0	10	59
296	69	374	584492	-0.1390458799999994	0.15262952	next_progenitor	1439749100.0	10	59
297	70	429	427264	-0.3275906599999993	0.5096129	first_progenitor	265486160.0	1	59
298	71	431	454159	-0.3275906599999993	0.13823538	first_progenitor	15230608000.0	1	59
299	72	433	446127	-0.3275906599999993	0.14576833	first_progenitor	6570546700.0	1	59
300	73	434	446128	-0.3275906599999993	0.14576833	next_progenitor	1743045400.0	10	59
301	74	480	626257	-0.3275906599999993	0.22947901	first_progenitor	265429630.0	1	59
302	75	483	632805	-0.3275906599999993	0.12532711	next_progenitor	311418020.0	10	59
303	76	499	3	-0.4713629178168759	0.13042818	first_progenitor	137631300000.0	1	59
304	77	500	26	-0.4713629178168759	0.13042818	next_progenitor	11721713000.0	10	59
305	78	501	36	-0.4713629178168759	0.11777298	first_progenitor	6847761400.0	1	59
306	79	570	520096	-0.4713629178168759	0.19901137	next_progenitor	4233798000.0	10	59
307	0	0	28	0.1390458799999994	0.21584868	Descendant	11659150000.0	1010	60
308	1	29	441500	0.4556248699999994	0.11031538	Descendant	1017127040.0	1000	60
309	2	145	63	0.1390458799999994	0.9099219	Descendant	793606600.0	1000	60
310	3	187	603357	0.1390458799999994	0.14641194	Descendant	415269700.0	1000	60
311	4	205	98019	0.0	0.27051386	Merger	458737300000.0	100	60
312	5	206	184959	0.0	0.120208226	Merger	1309350700.0	100	60
313	6	207	219194	0.0	0.31707287	Merger	1547699200.0	100	60
314	7	208	223520	0.0	0.100161135	Merger	299895980000.0	100	60
315	8	209	231980	0.0	0.13031894	Merger	86254150.0	100	60
316	9	210	251172	0.0	0.25574225	Merger	543117100.0	100	60
317	10	211	255322	0.0	2.0689912	Merger	43627426000.0	100	60
318	11	212	272964	0.0	0.10251908	Merger	2083769200.0	100	60
319	12	213	272968	0.0	1.0829983	Merger	1880876300.0	100	60
320	13	214	274037	0.0	0.12895301	Merger	5415536000.0	100	60
321	14	215	278542	0.0	0.29148173	Merger	281597800.0	100	60
322	15	216	287989	0.0	0.23946452	Merger	416167000.0	100	60
323	16	217	291682	0.0	0.12923267	Merger	234215980.0	100	60
324	17	218	292701	0.0	0.2746159	Merger	98235600.0	100	60
325	18	219	310516	0.0	1.7692245	Merger	61706314000.0	100	60
326	19	220	311480	0.0	0.4519644	Merger	264486140.0	100	60
327	20	221	339262	0.0	0.1863316	Merger	55983080000.0	100	60
328	21	222	350244	0.0	0.23873426	Merger	57988325000.0	100	60
329	22	223	389001	0.0	0.32910296	Merger	12774855000.0	100	60
330	23	224	412598	0.0	1.656028	Merger	14282747000.0	100	60
331	24	225	413527	0.0	0.21670805	Merger	23490214000.0	100	60
332	25	226	430159	0.0	0.14994255	Merger	22697589000.0	100	60
333	26	227	431442	0.0	1.8867087	Merger	14064868000.0	100	60
334	27	228	432672	0.0	0.11970664	Merger	169768450.0	100	60
335	28	229	437404	0.0	0.2560329	Merger	10625476000.0	100	60
336	29	230	449023	0.0	0.9183073	Merger	10165643000.0	100	60
337	30	231	451502	0.0	0.1710716	Merger	8904783000.0	100	60
338	31	232	455549	0.0	0.27205586	Merger	1222826000.0	100	60
339	32	233	461134	0.0	0.2562913	Merger	3160561000.0	100	60
340	33	234	464520	0.0	0.2716556	Merger	4525929000.0	100	60
341	34	235	464841	0.0	0.22239219	Merger	157418340.0	100	60
342	35	236	468229	0.0	0.87746996	Merger	4231849000.0	100	60
343	36	237	490383	0.0	0.19010264	Merger	5022092000.0	100	60
344	37	238	490384	0.0	0.34143555	Merger	96128720.0	100	60
345	38	239	495325	0.0	1.2672861	Merger	2859497200.0	100	60
346	39	240	504361	0.0	0.26183832	Merger	3516270000.0	100	60
347	40	241	505171	0.0	0.12826647	Merger	1627711600.0	100	60
348	41	242	514737	0.0	0.13924737	Merger	687224300.0	100	60
349	42	243	516170	0.0	0.3335711	Merger	157941260.0	100	60
350	43	244	534380	0.0	0.22738989	Merger	582009600.0	100	60
351	44	245	535578	0.0	0.96187097	Merger	783237760.0	100	60
352	45	246	539567	0.0	0.8280498	Merger	348156800.0	100	60
353	46	247	539683	0.0	0.10297792	Merger	876706100.0	100	60
354	47	248	541233	0.0	0.18157591	Merger	1024015100.0	100	60
355	48	249	549156	0.0	0.18285757	Merger	895598850.0	100	60
356	49	250	550063	0.0	0.25620207	Merger	1083785300.0	100	60
357	50	251	553213	0.0	0.47996855	Merger	1538982700.0	100	60
358	51	252	555369	0.0	0.17334387	Merger	1670802800.0	100	60
359	52	253	565080	0.0	0.12472586	Merger	573720300.0	100	60
360	53	254	575485	0.0	0.20405594	Merger	102633000.0	100	60
361	54	255	589217	0.0	0.15262952	Merger	507932600.0	100	60
362	55	256	592001	0.0	0.15522675	Merger	261926190.0	100	60
363	56	257	592287	0.0	1.3186846	Merger	339152930.0	100	60
364	57	258	594035	0.0	0.76016575	Merger	247090930.0	100	60
365	58	259	594570	0.0	0.10827654	Merger	843455500.0	100	60
366	59	260	599055	0.0	0.7892309	Merger	332250620.0	100	60
367	60	261	604887	0.0	0.24168476	Merger	294149220.0	100	60
368	61	262	606341	0.0	1.1628889	Merger	123199140.0	100	60
369	62	263	617893	0.0	0.32640296	Merger	212605380.0	100	60
370	63	264	618143	0.0	0.11971999	Merger	243008700.0	100	60
371	64	265	620307	0.0	0.15169156	Merger	292623460.0	100	60
372	65	266	622478	0.0	2.0724218	Merger	88832580.0	100	60
373	66	267	627678	0.0	0.15897992	Merger	293482720.0	100	60
374	67	268	633399	0.0	0.15034422	Merger	94269656.0	100	60
375	68	269	635321	0.0	0.18223548	Merger	123423880.0	100	60
376	69	270	649359	0.0	0.18658738	Merger	94015290.0	100	60
377	70	271	652602	0.0	0.7820015	Merger	106970430.0	100	60
378	71	272	655470	0.0	0.1787833	Merger	107183230.0	100	60
379	72	273	659092	0.0	0.2303304	Merger	384466900.0	100	60
380	73	274	670695	0.0	0.18814884	Merger	88013656.0	100	60
381	74	275	670955	0.0	1.3703897	Merger	112239304.0	100	60
382	75	276	698744	0.0	0.6016014	Merger	133993530.0	100	60
383	76	277	92	-0.1885447799999999	1.0569226	first_progenitor	548277400.0	1	60
384	77	278	78	-0.1885447799999999	1.0569226	next_progenitor	3744278500.0	10	60
385	78	279	83	-0.1885447799999999	0.79565334	first_progenitor	298508100.0	1	60
386	79	280	99	-0.1885447799999999	0.79565334	next_progenitor	1267433600.0	10	60
387	80	281	213	-0.1885447799999999	0.70421	first_progenitor	428021500.0	1	60
388	81	324	532551	-0.1885447799999999	0.15066002	first_progenitor	995831400.0	1	60
389	82	362	632083	-0.1885447799999999	0.12532711	first_progenitor	261940180.0	1	60
390	83	380	3	-0.3323170378168765	0.13042818	first_progenitor	307583500000.0	1	60
391	84	381	38	-0.3323170378168765	0.11777298	first_progenitor	5450491000.0	1	60
392	85	402	269040	-0.3323170378168765	1.4081601	next_progenitor	385102370.0	10	60
393	86	417	344365	-0.3323170378168765	1.8947538	next_progenitor	1624882200.0	10	60
394	87	461	536417	-0.3323170378168765	0.23763789	next_progenitor	2359721700.0	10	60
395	88	467	557450	-0.3323170378168765	0.3757206	next_progenitor	2074528800.0	10	60
396	0	3	28	0.3275906599999993	0.21584868	Descendant	11635970000.0	1000	61
397	1	4	63	0.3275906599999993	0.9099219	Descendant	1212881300.0	1000	61
398	2	51	618721	0.3275906599999993	0.10314459	Descendant	450903870.0	1000	61
399	3	55	631646	0.3275906599999993	0.6666211	Descendant	893010400.0	1000	61
400	4	110	565080	0.1885447799999999	0.12472586	Descendant	822712060.0	1000	61
401	5	133	92	0.0	1.0569226	Merger	2724746000.0	100	61
402	6	134	107	0.0	0.79565334	Merger	2054132100.0	100	61
403	7	135	230	0.0	0.70421	Merger	687273340.0	100	61
404	8	136	34129	0.0	0.105599046	Merger	113113840.0	100	61
405	9	137	49340	0.0	0.14809254	Merger	355233340.0	100	61
406	10	138	49566	0.0	1.038896	Merger	287913020.0	100	61
407	11	139	117176	0.0	0.293889	Merger	751782400000.0	100	61
408	12	140	176557	0.0	0.19687113	Merger	40947106000.0	100	61
409	13	141	207456	0.0	0.9967328	Merger	2075605200.0	100	61
410	14	142	325552	0.0	1.5110081	Merger	4002232300.0	100	61
411	15	143	339103	0.0	0.22680883	Merger	130487370.0	100	61
412	16	144	362950	0.0	0.1320958	Merger	8180923000.0	100	61
413	17	145	372301	0.0	0.12062	Merger	1014594800.0	100	61
414	18	146	388732	0.0	0.61836743	Merger	2355720400.0	100	61
415	19	147	411250	0.0	1.1587211	Merger	9609185000.0	100	61
416	20	148	440778	0.0	0.5096129	Merger	15125369000.0	100	61
417	21	149	456844	0.0	0.13823538	Merger	6040852000.0	100	61
418	22	150	460745	0.0	0.14576833	Merger	9637398000.0	100	61
419	23	151	467146	0.0	0.15417024	Merger	1827545200.0	100	61
420	24	152	471702	0.0	0.12788469	Merger	1217616900.0	100	61
421	25	153	479019	0.0	0.24188226	Merger	6160925000.0	100	61
422	26	154	479867	0.0	0.25856006	Merger	5883861500.0	100	61
423	27	155	506203	0.0	0.10218431	Merger	2724078600.0	100	61
424	28	156	522283	0.0	0.26753378	Merger	391378180.0	100	61
425	29	157	527919	0.0	0.15066002	Merger	272072700.0	100	61
426	30	158	537778	0.0	0.34715623	Merger	170762260.0	100	61
427	31	159	542816	0.0	0.20513946	Merger	1865148000.0	100	61
428	32	160	549691	0.0	1.8858855	Merger	1633193900.0	100	61
429	33	161	558246	0.0	0.15316679	Merger	368931170.0	100	61
430	34	162	558726	0.0	0.18584965	Merger	1349751000.0	100	61
431	35	163	563415	0.0	0.38877666	Merger	197069620.0	100	61
432	36	164	564311	0.0	1.0915805	Merger	961482700.0	100	61
433	37	165	576851	0.0	0.2594127	Merger	497344350.0	100	61
434	38	166	592701	0.0	0.26140943	Merger	514656670.0	100	61
435	39	167	595278	0.0	0.28787008	Merger	287078530.0	100	61
436	40	168	598320	0.0	0.22056861	Merger	351406880.0	100	61
437	41	169	599008	0.0	0.39353716	Merger	282541860.0	100	61
438	42	170	601856	0.0	0.25483865	Merger	216407380.0	100	61
439	43	171	611601	0.0	0.16588002	Merger	151688350.0	100	61
440	44	172	620842	0.0	0.20397009	Merger	236921300.0	100	61
441	45	173	625068	0.0	0.34055918	Merger	170729100.0	100	61
442	46	174	627718	0.0	0.14696595	Merger	378754140.0	100	61
443	47	175	627811	0.0	0.22947901	Merger	216508180.0	100	61
444	48	176	629029	0.0	0.12532711	Merger	214227600.0	100	61
445	49	177	631416	0.0	0.44720638	Merger	283790340.0	100	61
446	50	178	635729	0.0	0.15969741	Merger	112871070.0	100	61
447	51	179	638848	0.0	0.24055037	Merger	268915970.0	100	61
448	52	180	670139	0.0	0.13460876	Merger	98850640.0	100	61
449	53	181	677765	0.0	1.2795184	Merger	84317224.0	100	61
450	54	182	687714	0.0	0.20138532	Merger	123706800.0	100	61
451	55	183	688387	0.0	0.2620091	Merger	90277470.0	100	61
452	56	184	692910	0.0	0.2719884	Merger	92584880.0	100	61
453	57	185	6	-0.1437722578168765	0.13042818	first_progenitor	108310130000.0	1	61
454	58	186	29	-0.1437722578168765	0.13042818	next_progenitor	8409834500.0	10	61
455	59	187	39	-0.1437722578168765	0.11777298	first_progenitor	1924087600.0	1	61
456	60	189	97	-0.1437722578168765	0.91158694	first_progenitor	1683273000.0	1	61
457	61	190	106	-0.1437722578168765	0.91158694	next_progenitor	731827700.0	10	61
458	62	191	118	-0.1437722578168765	0.8326517	first_progenitor	688055740.0	1	61
459	63	275	539318	-0.1437722578168765	0.31423366	first_progenitor	2595702800.0	1	61
460	64	299	585867	-0.1437722578168765	2.5985038	first_progenitor	212594400.0	1	61
461	65	349	667928	-0.1437722578168765	0.102557585	next_progenitor	379753660.0	10	61
462	0	0	28	0.4713629178168759	0.21584868	Descendant	11606090000.0	1000	62
463	1	1	63	0.4713629178168759	0.9099219	Descendant	2772652800.0	1000	62
464	2	51	628953	0.4713629178168759	0.34664002	Descendant	846063900.0	1000	62
465	3	98	514737	0.3323170378168765	0.13924737	Descendant	184753730.0	1000	62
466	4	114	594035	0.3323170378168765	0.76016575	Descendant	579270900.0	1000	62
467	5	133	92	0.1437722578168765	1.0569226	Descendant	1781438100.0	1000	62
468	6	134	107	0.1437722578168765	0.79565334	Descendant	2261919000.0	1000	62
469	7	166	592701	0.1437722578168765	0.26140943	Descendant	689888900.0	1000	62
470	8	185	3	0.0	0.13042818	Merger	143334260000.0	100	62
471	9	186	41	0.0	0.11777298	Merger	1890292600.0	100	62
472	10	187	100	0.0	0.91158694	Merger	2232690000.0	100	62
473	11	188	129	0.0	0.8326517	Merger	1584146700.0	100	62
474	12	189	50228	0.0	0.1588062	Merger	3065669600.0	100	62
475	13	190	89095	0.0	0.72280854	Merger	567307500000.0	100	62
476	14	191	89096	0.0	0.41907874	Merger	49301140000.0	100	62
477	15	192	139041	0.0	0.39311668	Merger	227155280000.0	100	62
478	16	193	176690	0.0	0.10780543	Merger	4483522000.0	100	62
479	17	194	214251	0.0	0.21029332	Merger	73420840000.0	100	62
480	18	195	214252	0.0	0.2540687	Merger	18701515000.0	100	62
481	19	196	219527	0.0	0.10200928	Merger	334983040000.0	100	62
482	20	197	244695	0.0	1.8062291	Merger	212361170.0	100	62
483	21	198	252455	0.0	0.11568294	Merger	15499582000.0	100	62
484	22	199	283919	0.0	1.4081601	Merger	55001776000.0	100	62
485	23	200	288703	0.0	0.99538195	Merger	4942820400.0	100	62
486	24	201	299416	0.0	0.15159412	Merger	112833470.0	100	62
487	25	202	299420	0.0	1.4793011	Merger	1214833900.0	100	62
488	26	203	315370	0.0	0.13419265	Merger	619253900.0	100	62
489	27	204	333940	0.0	0.37233403	Merger	4048511200.0	100	62
490	28	205	336542	0.0	0.69129705	Merger	851809660.0	100	62
491	29	206	345359	0.0	0.19853826	Merger	75441740000.0	100	62
492	30	207	345804	0.0	0.24977432	Merger	466512540.0	100	62
493	31	208	352367	0.0	0.19966863	Merger	56155050000.0	100	62
494	32	209	355097	0.0	1.8947538	Merger	5700655000.0	100	62
495	33	210	357073	0.0	0.15519273	Merger	64557250000.0	100	62
496	34	211	361744	0.0	1.0392648	Merger	2566499800.0	100	62
497	35	212	389568	0.0	0.107634775	Merger	4476827600.0	100	62
498	36	213	400541	0.0	0.22781433	Merger	24345332000.0	100	62
499	37	214	401726	0.0	0.29538321	Merger	5876100600.0	100	62
500	38	215	417114	0.0	0.23613134	Merger	6866227700.0	100	62
501	39	216	424733	0.0	0.7726129	Merger	22213421000.0	100	62
502	40	217	427848	0.0	0.5143075	Merger	6394366000.0	100	62
503	41	218	435418	0.0	0.33756718	Merger	11491695000.0	100	62
504	42	219	437452	0.0	0.3832002	Merger	7836720000.0	100	62
505	43	220	451232	0.0	0.25405368	Merger	14991027000.0	100	62
506	44	221	470363	0.0	0.35396293	Merger	7247886300.0	100	62
507	45	222	494050	0.0	0.104095064	Merger	3421796900.0	100	62
508	46	223	518096	0.0	0.17791262	Merger	260254140.0	100	62
509	47	224	518420	0.0	0.7768153	Merger	3182434000.0	100	62
510	48	225	519404	0.0	0.153373	Merger	1155302800.0	100	62
511	49	226	534928	0.0	0.21927556	Merger	2532056600.0	100	62
512	50	227	536349	0.0	0.79939604	Merger	586102460.0	100	62
513	51	228	536742	0.0	0.24401575	Merger	1395519900.0	100	62
514	52	229	538633	0.0	0.19901137	Merger	3556776200.0	100	62
515	53	230	542862	0.0	0.18585132	Merger	2174175700.0	100	62
516	54	231	546006	0.0	0.31423366	Merger	238726580.0	100	62
517	55	232	547926	0.0	0.23763789	Merger	2113278100.0	100	62
518	56	233	558233	0.0	0.42593107	Merger	179815730.0	100	62
519	57	234	559016	0.0	0.11938404	Merger	255368960.0	100	62
520	58	235	568363	0.0	0.3757206	Merger	335930560.0	100	62
521	59	236	570039	0.0	0.24738352	Merger	458917400.0	100	62
522	60	237	571827	0.0	0.35283953	Merger	718478340.0	100	62
523	61	238	572190	0.0	0.11280237	Merger	567366340.0	100	62
524	62	239	574305	0.0	0.18907239	Merger	408454720.0	100	62
525	63	240	576099	0.0	0.12822409	Merger	869505660.0	100	62
526	64	241	585214	0.0	1.4351912	Merger	641449200.0	100	62
527	65	242	591462	0.0	0.36124837	Merger	241743840.0	100	62
528	66	243	596958	0.0	2.5985038	Merger	263157600.0	100	62
529	67	244	597691	0.0	0.25100037	Merger	441697200.0	100	62
530	68	245	603961	0.0	0.28084192	Merger	220150930.0	100	62
531	69	246	604582	0.0	0.20912264	Merger	518298880.0	100	62
532	70	247	610878	0.0	0.4731469	Merger	116251100.0	100	62
533	71	248	615241	0.0	0.16620696	Merger	224923840.0	100	62
534	72	249	621572	0.0	0.37754098	Merger	150606260.0	100	62
535	73	250	625588	0.0	0.22967409	Merger	312783360.0	100	62
536	74	251	629274	0.0	0.1333771	Merger	194000800.0	100	62
537	75	252	632558	0.0	1.3659735	Merger	132026760.0	100	62
538	76	253	638273	0.0	0.25449243	Merger	121087816.0	100	62
539	77	254	641649	0.0	0.10604157	Merger	202233860.0	100	62
540	78	255	646867	0.0	0.10520101	Merger	136048140.0	100	62
541	79	256	647039	0.0	0.3299054	Merger	124769840.0	100	62
542	80	257	648567	0.0	0.1848186	Merger	190087600.0	100	62
543	81	258	650825	0.0	0.11468189	Merger	157424910.0	100	62
544	82	259	657372	0.0	0.2576365	Merger	231590020.0	100	62
545	83	260	657936	0.0	0.2540276	Merger	213500510.0	100	62
546	84	261	661007	0.0	1.6161977	Merger	254874980.0	100	62
547	85	262	663608	0.0	0.2912336	Merger	89284616.0	100	62
548	86	263	663971	0.0	0.105582364	Merger	209975840.0	100	62
549	87	264	668752	0.0	0.17618668	Merger	196300270.0	100	62
550	88	265	668791	0.0	0.15917192	Merger	161476560.0	100	62
551	89	266	669411	0.0	0.1489175	Merger	136575940.0	100	62
552	90	267	674715	0.0	0.109081574	Merger	102059260.0	100	62
553	91	268	677921	0.0	0.102557585	Merger	93147976.0	100	62
554	92	269	680761	0.0	0.21579473	Merger	84645256.0	100	62
555	93	270	687039	0.0	0.99188685	Merger	159097250.0	100	62
556	94	271	693454	0.0	0.1600004	Merger	91461390.0	100	62
557	95	272	694557	0.0	0.38110352	Merger	93975290.0	100	62
558	96	273	696936	0.0	0.23117234	Merger	89688776.0	100	62
