	level_0	index	Subfind_ID	t-t_merg	q	Type	mass	int_type	center
0	0	0	582524	0.0	0.41192573	Merger	87498670.0	101	37
1	1	18	24	0.0	0.2141508	Merger	132949910.0	100	37
2	2	19	33	0.0	0.36086532	Merger	132634120.0	100	37
3	3	20	9268	0.0	0.52521	Merger	214657440.0	100	37
4	4	21	48944	0.0	1.4169068	Merger	313559500000.0	100	37
5	5	22	68599	0.0	0.1440522	Merger	321723560000.0	100	37
6	6	23	81995	0.0	0.102000766	Merger	2162735400.0	100	37
7	7	24	93360	0.0	0.10124081	Merger	109850210.0	100	37
8	8	25	95289	0.0	1.1578151	Merger	146053630000.0	100	37
9	9	26	101591	0.0	0.4241909	Merger	97018070000.0	100	37
10	10	27	107946	0.0	0.11797277	Merger	193589940.0	100	37
11	11	28	115560	0.0	0.33030564	Merger	125959270000.0	100	37
12	12	29	122310	0.0	0.104144104	Merger	99344660000.0	100	37
13	13	30	123206	0.0	1.9469713	Merger	1306116100.0	100	37
14	14	31	123208	0.0	0.42406413	Merger	1771544800.0	100	37
15	15	32	133128	0.0	0.20703746	Merger	69120980000.0	100	37
16	16	33	135044	0.0	0.11446537	Merger	52513870000.0	100	37
17	17	34	135786	0.0	0.47657886	Merger	44069597000.0	100	37
18	18	35	138454	0.0	0.28916645	Merger	27897797000.0	100	37
19	19	36	157047	0.0	0.8000133	Merger	990700100.0	100	37
20	20	37	172495	0.0	1.1221066	Merger	2093993500.0	100	37
21	21	38	178904	0.0	0.1475893	Merger	349252740.0	100	37
22	22	39	180177	0.0	0.33562833	Merger	51744125000.0	100	37
23	23	40	196068	0.0	0.23725599	Merger	56100050000.0	100	37
24	24	41	198813	0.0	0.116475694	Merger	15809572000.0	100	37
25	25	42	204371	0.0	0.16897449	Merger	10712435000.0	100	37
26	26	43	216240	0.0	0.2557581	Merger	7621458000.0	100	37
27	27	44	229698	0.0	1.6411438	Merger	17514473000.0	100	37
28	28	45	229699	0.0	0.10063703	Merger	443159140.0	100	37
29	29	46	232658	0.0	0.7229109	Merger	19928545000.0	100	37
30	30	47	235838	0.0	0.15954287	Merger	212316370.0	100	37
31	31	48	236228	0.0	0.108352125	Merger	22403449000.0	100	37
32	32	49	238927	0.0	0.14392403	Merger	138232300.0	100	37
33	33	50	242910	0.0	0.10077552	Merger	535003100.0	100	37
34	34	51	251767	0.0	0.1350762	Merger	785430400.0	100	37
35	35	52	254228	0.0	0.6803618	Merger	5754797000.0	100	37
36	36	53	255090	0.0	0.17465915	Merger	20205664000.0	100	37
37	37	54	262515	0.0	0.12114243	Merger	12359968000.0	100	37
38	38	55	269294	0.0	0.15291405	Merger	157121900.0	100	37
39	39	56	269845	0.0	0.14997846	Merger	1330929300.0	100	37
40	40	57	281034	0.0	0.3223515	Merger	151697680.0	100	37
41	41	58	285712	0.0	0.25031653	Merger	752888400.0	100	37
42	42	59	286358	0.0	0.16817094	Merger	5640906000.0	100	37
43	43	60	286980	0.0	0.52397096	Merger	1016229250.0	100	37
44	44	61	291513	0.0	0.1551497	Merger	5503576600.0	100	37
45	45	62	294963	0.0	0.20453934	Merger	555692200.0	100	37
46	46	63	296154	0.0	0.31002274	Merger	3634750200.0	100	37
47	47	64	296961	0.0	0.68617696	Merger	3008081400.0	100	37
48	48	65	300344	0.0	1.1641418	Merger	3159179500.0	100	37
49	49	66	308988	0.0	1.2553431	Merger	92503576.0	100	37
50	50	67	310712	0.0	0.12575422	Merger	1053426100.0	100	37
51	51	68	325258	0.0	0.7452756	Merger	2481343200.0	100	37
52	52	69	325385	0.0	1.3164083	Merger	414159780.0	100	37
53	53	70	325740	0.0	0.6542338	Merger	1237193200.0	100	37
54	54	71	326103	0.0	0.10835054	Merger	2049632000.0	100	37
55	55	72	332456	0.0	0.6051195	Merger	1273175300.0	100	37
56	56	73	333536	0.0	1.5061291	Merger	728031300.0	100	37
57	57	74	334591	0.0	0.111857206	Merger	3434006000.0	100	37
58	58	75	339114	0.0	0.14025031	Merger	1789687200.0	100	37
59	59	76	341664	0.0	0.56036544	Merger	160794850.0	100	37
60	60	77	358689	0.0	0.1497631	Merger	527218370.0	100	37
61	61	78	360610	0.0	0.1532503	Merger	1308305700.0	100	37
62	62	79	367565	0.0	1.5006421	Merger	118972024.0	100	37
63	63	80	374381	0.0	0.24722044	Merger	1050306500.0	100	37
64	64	81	375502	0.0	0.97488064	Merger	1192119200.0	100	37
65	65	82	376248	0.0	0.17653695	Merger	137522420.0	100	37
66	66	83	379842	0.0	0.283794	Merger	582125250.0	100	37
67	67	84	381242	0.0	1.3369102	Merger	231166060.0	100	37
68	68	85	384932	0.0	0.22124435	Merger	1678850600.0	100	37
69	69	86	389468	0.0	0.11197855	Merger	266068590.0	100	37
70	70	87	392529	0.0	0.25996295	Merger	94602910.0	100	37
71	71	88	392797	0.0	0.3968894	Merger	1440342900.0	100	37
72	72	89	393741	0.0	0.88574797	Merger	302924200.0	100	37
73	73	90	400988	0.0	0.40207848	Merger	209192900.0	100	37
74	74	91	401912	0.0	0.10349341	Merger	263931860.0	100	37
75	75	92	403163	0.0	0.16500467	Merger	614744100.0	100	37
76	76	93	404952	0.0	0.23995449	Merger	266284430.0	100	37
77	77	94	405313	0.0	0.11306995	Merger	227377060.0	100	37
78	78	95	409279	0.0	0.11376583	Merger	169172830.0	100	37
79	79	96	410196	0.0	0.28723124	Merger	905934500.0	100	37
80	80	97	411705	0.0	0.33492184	Merger	122132450.0	100	37
81	81	98	413534	0.0	0.8323455	Merger	233915200.0	100	37
82	82	99	414222	0.0	1.2341727	Merger	235867070.0	100	37
83	83	100	418423	0.0	0.28484696	Merger	986365400.0	100	37
84	84	101	422619	0.0	0.2961345	Merger	763987500.0	100	37
85	85	102	429078	0.0	0.14927348	Merger	423375550.0	100	37
86	86	103	430366	0.0	0.16975066	Merger	928760060.0	100	37
87	87	104	431653	0.0	0.4141887	Merger	558466700.0	100	37
88	88	105	432215	0.0	0.25248405	Merger	395076450.0	100	37
89	89	106	432527	0.0	0.29520664	Merger	838972860.0	100	37
90	90	107	433394	0.0	0.33871758	Merger	658184600.0	100	37
91	91	108	438515	0.0	0.14438167	Merger	384126340.0	100	37
92	92	109	440037	0.0	0.15426151	Merger	470437280.0	100	37
93	93	110	445640	0.0	0.13020602	Merger	857684100.0	100	37
94	94	111	446284	0.0	0.25127035	Merger	672202940.0	100	37
95	95	112	447813	0.0	1.1633565	Merger	161775520.0	100	37
96	96	113	448809	0.0	0.22868326	Merger	487197220.0	100	37
97	97	114	448957	0.0	0.44562885	Merger	454325280.0	100	37
98	98	115	450519	0.0	0.18130855	Merger	323310270.0	100	37
99	99	116	453115	0.0	0.19254544	Merger	322993150.0	100	37
100	100	117	453690	0.0	0.3689998	Merger	192192780.0	100	37
101	101	118	454019	0.0	0.23905197	Merger	96366504.0	100	37
102	102	119	456960	0.0	0.33089212	Merger	597317570.0	100	37
103	103	120	461677	0.0	0.13472179	Merger	445738270.0	100	37
104	104	121	463159	0.0	0.26954976	Merger	126678440.0	100	37
105	105	122	463499	0.0	0.15335393	Merger	229360780.0	100	37
106	106	123	465255	0.0	0.7362347	Merger	284433540.0	100	37
107	107	124	466180	0.0	0.1369039	Merger	317849440.0	100	37
108	108	125	466721	0.0	0.115200184	Merger	308314370.0	100	37
109	109	126	470417	0.0	0.15449126	Merger	225991060.0	100	37
110	110	127	475098	0.0	0.19094002	Merger	188622940.0	100	37
111	111	128	481192	0.0	0.51480913	Merger	152398020.0	100	37
112	112	129	482360	0.0	0.1377379	Merger	699037900.0	100	37
113	113	130	483915	0.0	0.68530405	Merger	171967040.0	100	37
114	114	131	486252	0.0	0.37511614	Merger	245981950.0	100	37
115	115	132	487463	0.0	0.5098373	Merger	409399700.0	100	37
116	116	133	487859	0.0	0.22285447	Merger	261535020.0	100	37
117	117	134	487996	0.0	0.10709528	Merger	291618180.0	100	37
118	118	135	494320	0.0	2.3234076	Merger	84640710.0	100	37
119	119	136	499067	0.0	1.9291316	Merger	165253580.0	100	37
120	120	137	499603	0.0	0.118334435	Merger	337327520.0	100	37
121	121	138	500589	0.0	0.652323	Merger	133973320.0	100	37
122	122	139	501722	0.0	1.2245785	Merger	311259000.0	100	37
123	123	140	505516	0.0	0.18140543	Merger	367669900.0	100	37
124	124	141	506074	0.0	0.26762488	Merger	168926690.0	100	37
125	125	142	506782	0.0	0.24061948	Merger	305810530.0	100	37
126	126	143	507405	0.0	1.3538903	Merger	310165630.0	100	37
127	127	144	507432	0.0	2.3525848	Merger	133277300.0	100	37
128	128	145	509821	0.0	0.16037586	Merger	89269430.0	100	37
129	129	146	510106	0.0	0.7409886	Merger	217920260.0	100	37
130	130	147	515144	0.0	0.2312041	Merger	113735416.0	100	37
131	131	148	517097	0.0	0.1552105	Merger	206421810.0	100	37
132	132	149	517740	0.0	1.0580131	Merger	174123790.0	100	37
133	133	150	518163	0.0	0.1340186	Merger	98985060.0	100	37
134	134	151	519360	0.0	0.11448663	Merger	129362680.0	100	37
135	135	152	519547	0.0	0.21342759	Merger	194890000.0	100	37
136	136	153	521030	0.0	0.627859	Merger	97451704.0	100	37
137	137	154	527018	0.0	0.15610322	Merger	214204900.0	100	37
138	138	155	529197	0.0	0.33134145	Merger	98517540.0	100	37
139	139	156	530480	0.0	0.44619903	Merger	171023900.0	100	37
140	140	157	531364	0.0	0.105330594	Merger	135055000.0	100	37
141	141	158	531952	0.0	0.13169739	Merger	94986800.0	100	37
142	142	159	534055	0.0	0.1345333	Merger	126442570.0	100	37
143	143	160	534105	0.0	0.34883225	Merger	216033070.0	100	37
144	144	161	535587	0.0	0.7945129	Merger	159177820.0	100	37
145	145	162	546996	0.0	0.2598211	Merger	112575780.0	100	37
146	146	163	549499	0.0	0.16533221	Merger	142488910.0	100	37
147	147	164	549704	0.0	0.15076078	Merger	95710410.0	100	37
148	148	165	554568	0.0	0.22045894	Merger	194254940.0	100	37
149	149	166	555946	0.0	0.1045571	Merger	104282110.0	100	37
150	150	167	557838	0.0	0.6262073	Merger	105089340.0	100	37
151	151	168	558100	0.0	0.9254819	Merger	95314056.0	100	37
152	152	169	559866	0.0	0.21446978	Merger	152244670.0	100	37
153	153	170	562053	0.0	1.8805856	Merger	89178050.0	100	37
154	154	171	562069	0.0	0.28591403	Merger	108774730.0	100	37
155	155	172	562459	0.0	0.11342333	Merger	187026940.0	100	37
156	156	173	563173	0.0	0.20146161	Merger	171084850.0	100	37
157	157	174	564259	0.0	0.15031636	Merger	97459336.0	100	37
158	158	175	565395	0.0	0.7043544	Merger	105932570.0	100	37
159	159	176	570336	0.0	0.19016026	Merger	86678650.0	100	37
160	160	177	570928	0.0	0.20183755	Merger	111603300.0	100	37
161	161	178	579105	0.0	0.41771644	Merger	101446520.0	100	37
162	162	179	579122	0.0	1.4979391	Merger	257736180.0	100	37
163	163	180	595971	0.0	0.10539433	Merger	87350950.0	100	37
164	164	181	601747	0.0	0.11540733	Merger	108830030.0	100	37
165	165	182	602881	0.0	0.23690777	Merger	92553390.0	100	37
166	166	183	604424	0.0	0.18003672	Merger	112250060.0	100	37
167	167	184	608813	0.0	0.20720361	Merger	85163690.0	100	37
168	168	185	616471	0.0	0.14694425	Merger	90032776.0	100	37
169	169	243	275726	-0.1357320510875901	0.15969646	first_progenitor	146354930.0	1	37
170	170	355	419164	-0.1357320510875901	0.16976589	first_progenitor	362320740.0	1	37
171	171	398	461523	-0.1357320510875901	0.25939423	next_progenitor	138013940.0	10	37
172	172	430	492844	-0.1357320510875901	0.22628291	next_progenitor	338035870.0	10	37
173	173	488	529330	-0.1357320510875901	0.10810258	next_progenitor	297062200.0	10	37
174	174	503	28	-0.3043627410875889	4.6141605	next_progenitor	3279388000.0	10	37
175	175	559	281709	-0.3043627410875889	0.19960251	first_progenitor	8687613000.0	1	37
176	176	626	464061	-0.3043627410875889	0.48057014	first_progenitor	502841300.0	1	37
177	177	782	210664	-0.391082511087589	0.12612018	first_progenitor	108544776.0	1	37
178	178	784	360891	-0.391082511087589	0.15488842	first_progenitor	515107800.0	1	37
179	179	877	362974	-0.391082511087589	0.12278054	first_progenitor	1444041900.0	1	37
180	180	962	459432	-0.391082511087589	0.18617281	first_progenitor	182968460.0	1	37
181	181	992	503933	-0.391082511087589	0.52832747	first_progenitor	491435200.0	1	37
182	0	28	24	0.1357320510875901	0.2141508	Descendant	7584630300.0	1000	38
183	1	29	33	0.1357320510875901	0.36086532	Descendant	255814420.0	1000	38
184	2	35	95289	0.1357320510875901	1.1578151	Descendant	3944294000.0	1000	38
185	3	139	506074	0.1357320510875901	0.26762488	Descendant	446631140.0	1000	38
186	4	154	531364	0.1357320510875901	0.105330594	Descendant	88944456.0	1000	38
187	5	183	19	0.0	0.13820219	Merger	1202841200.0	100	38
188	6	184	35294	0.0	0.14148001	Merger	5586855400.0	100	38
189	7	185	71691	0.0	0.50801593	Merger	224691680000.0	100	38
190	8	186	74114	0.0	0.2529052	Merger	326015750000.0	100	38
191	9	187	83079	0.0	1.7199405	Merger	7090387000.0	100	38
192	10	188	85873	0.0	1.72511	Merger	190150200000.0	100	38
193	11	189	85874	0.0	0.49552417	Merger	17001744000.0	100	38
194	12	190	123862	0.0	0.12879562	Merger	3610458600.0	100	38
195	13	191	130134	0.0	0.3113924	Merger	126168170000.0	100	38
196	14	192	150787	0.0	0.13201365	Merger	44848980000.0	100	38
197	15	193	151438	0.0	1.8291945	Merger	4744093700.0	100	38
198	16	194	163712	0.0	0.17389314	Merger	317757760.0	100	38
199	17	195	166009	0.0	0.15037161	Merger	87816430.0	100	38
200	18	196	178463	0.0	1.6352593	Merger	647080600.0	100	38
201	19	197	201937	0.0	0.113516755	Merger	2004851700.0	100	38
202	20	198	224825	0.0	0.100150555	Merger	97790010.0	100	38
203	21	199	235655	0.0	1.0598432	Merger	5004437000.0	100	38
204	22	200	236422	0.0	0.10382501	Merger	285122050.0	100	38
205	23	201	244095	0.0	1.263414	Merger	16977108000.0	100	38
206	24	202	246545	0.0	0.10084244	Merger	5756333600.0	100	38
207	25	203	252845	0.0	0.37246653	Merger	18012922000.0	100	38
208	26	204	262825	0.0	0.122994944	Merger	476137760.0	100	38
209	27	205	266197	0.0	0.1711629	Merger	6014597000.0	100	38
210	28	206	271152	0.0	0.27343303	Merger	6426698000.0	100	38
211	29	207	273097	0.0	0.1945603	Merger	9393298000.0	100	38
212	30	208	275111	0.0	0.23306282	Merger	233526290.0	100	38
213	31	209	276760	0.0	1.0909523	Merger	10787000000.0	100	38
214	32	210	291851	0.0	0.20345694	Merger	787988700.0	100	38
215	33	211	294652	0.0	0.69028085	Merger	718891600.0	100	38
216	34	212	295141	0.0	0.15969646	Merger	970095170.0	100	38
217	35	213	298277	0.0	0.3485009	Merger	328793020.0	100	38
218	36	214	303564	0.0	1.1217302	Merger	659251840.0	100	38
219	37	215	303846	0.0	0.3031175	Merger	8643384000.0	100	38
220	38	216	304702	0.0	0.35341933	Merger	281372400.0	100	38
221	39	217	309421	0.0	0.52392244	Merger	194457970.0	100	38
222	40	218	311684	0.0	0.5417655	Merger	3454582800.0	100	38
223	41	219	311685	0.0	0.5814771	Merger	490973860.0	100	38
224	42	220	322285	0.0	0.13288623	Merger	304610500.0	100	38
225	43	221	324011	0.0	1.3048273	Merger	4685555000.0	100	38
226	44	222	325568	0.0	1.578219	Merger	7043701000.0	100	38
227	45	223	328708	0.0	0.6256682	Merger	3848233000.0	100	38
228	46	224	333277	0.0	0.12652566	Merger	2415501000.0	100	38
229	47	225	345328	0.0	1.3036034	Merger	3069395700.0	100	38
230	48	226	347052	0.0	1.0831686	Merger	3754631000.0	100	38
231	49	227	347259	0.0	0.25728998	Merger	1208949600.0	100	38
232	50	228	354740	0.0	0.15415563	Merger	2168750000.0	100	38
233	51	229	355089	0.0	0.13667679	Merger	2750046000.0	100	38
234	52	230	357190	0.0	0.2826992	Merger	573033700.0	100	38
235	53	231	362734	0.0	0.24680111	Merger	1173946400.0	100	38
236	54	232	362980	0.0	0.2192698	Merger	2419945500.0	100	38
237	55	233	368070	0.0	0.23672912	Merger	2381866800.0	100	38
238	56	234	374157	0.0	0.14430964	Merger	310588260.0	100	38
239	57	235	380097	0.0	0.15521641	Merger	2607035600.0	100	38
240	58	236	381329	0.0	0.33883053	Merger	636321000.0	100	38
241	59	237	381894	0.0	0.18162075	Merger	869017300.0	100	38
242	60	238	382562	0.0	0.14335358	Merger	511203780.0	100	38
243	61	239	384343	0.0	0.18992038	Merger	611661200.0	100	38
244	62	240	384556	0.0	0.6364947	Merger	1382056800.0	100	38
245	63	241	385661	0.0	0.14845471	Merger	2214175200.0	100	38
246	64	242	386613	0.0	0.31687382	Merger	346463550.0	100	38
247	65	243	386916	0.0	0.19901094	Merger	1403513300.0	100	38
248	66	244	388385	0.0	0.28698787	Merger	2886850300.0	100	38
249	67	245	396085	0.0	0.11077553	Merger	98057290.0	100	38
250	68	246	397965	0.0	0.123035	Merger	829212800.0	100	38
251	69	247	398557	0.0	1.0443454	Merger	954106050.0	100	38
252	70	248	398654	0.0	0.44434795	Merger	362591300.0	100	38
253	71	249	399893	0.0	0.121792406	Merger	400953730.0	100	38
254	72	250	400762	0.0	0.12470081	Merger	1991530800.0	100	38
255	73	251	404976	0.0	0.14978567	Merger	104138580.0	100	38
256	74	252	408118	0.0	1.7794367	Merger	1180751400.0	100	38
257	75	253	413603	0.0	0.21898182	Merger	473953900.0	100	38
258	76	254	415509	0.0	0.14082275	Merger	939759400.0	100	38
259	77	255	418147	0.0	0.5233413	Merger	571435100.0	100	38
260	78	256	418844	0.0	1.0412792	Merger	121554890.0	100	38
261	79	257	419129	0.0	0.23151276	Merger	265352300.0	100	38
262	80	258	421973	0.0	0.49801695	Merger	553508700.0	100	38
263	81	259	424894	0.0	0.15683922	Merger	386883970.0	100	38
264	82	260	430807	0.0	0.4890155	Merger	385025020.0	100	38
265	83	261	431210	0.0	0.13453843	Merger	390022080.0	100	38
266	84	262	439365	0.0	0.20597768	Merger	649604300.0	100	38
267	85	263	439532	0.0	0.40373537	Merger	793083970.0	100	38
268	86	264	439591	0.0	0.13055795	Merger	220009570.0	100	38
269	87	265	439869	0.0	0.2983666	Merger	718589600.0	100	38
270	88	266	440309	0.0	0.2441298	Merger	578460540.0	100	38
271	89	267	441779	0.0	0.21236163	Merger	494567940.0	100	38
272	90	268	443031	0.0	0.18925358	Merger	295958620.0	100	38
273	91	269	443486	0.0	0.16976589	Merger	507508380.0	100	38
274	92	270	444169	0.0	1.2706583	Merger	365930980.0	100	38
275	93	271	444324	0.0	0.18306404	Merger	318137500.0	100	38
276	94	272	446034	0.0	0.1003405	Merger	499181220.0	100	38
277	95	273	446603	0.0	0.28479522	Merger	167108670.0	100	38
278	96	274	447784	0.0	1.0140884	Merger	570619300.0	100	38
279	97	275	448458	0.0	0.32520992	Merger	85502040.0	100	38
280	98	276	451511	0.0	0.96646744	Merger	202074690.0	100	38
281	99	277	453181	0.0	0.16749032	Merger	602185300.0	100	38
282	100	278	457577	0.0	0.25893372	Merger	523265760.0	100	38
283	101	279	459383	0.0	1.1502929	Merger	206286430.0	100	38
284	102	280	466413	0.0	0.64381784	Merger	227677260.0	100	38
285	103	281	467659	0.0	0.19756441	Merger	269204450.0	100	38
286	104	282	469732	0.0	0.26674396	Merger	739423600.0	100	38
287	105	283	470736	0.0	0.92782277	Merger	100233176.0	100	38
288	106	284	472587	0.0	0.17774859	Merger	88289470.0	100	38
289	107	285	475875	0.0	0.31255585	Merger	433752220.0	100	38
290	108	286	476460	0.0	0.119544886	Merger	368282050.0	100	38
291	109	287	479870	0.0	0.10068706	Merger	382385600.0	100	38
292	110	288	480787	0.0	0.1828082	Merger	89694830.0	100	38
293	111	289	485940	0.0	0.125306	Merger	311490880.0	100	38
294	112	290	490044	0.0	0.6861584	Merger	143979600.0	100	38
295	113	291	490890	0.0	0.25939423	Merger	251291310.0	100	38
296	114	292	491127	0.0	0.1455311	Merger	208234140.0	100	38
297	115	293	491369	0.0	0.13931426	Merger	89216350.0	100	38
298	116	294	491617	0.0	1.247989	Merger	261595420.0	100	38
299	117	295	492322	0.0	0.3138058	Merger	184847970.0	100	38
300	118	296	492729	0.0	0.15612347	Merger	187577010.0	100	38
301	119	297	494194	0.0	0.15158848	Merger	149140930.0	100	38
302	120	298	497922	0.0	0.1361854	Merger	219078370.0	100	38
303	121	299	500177	0.0	0.20839265	Merger	222711360.0	100	38
304	122	300	500558	0.0	0.25679883	Merger	509027040.0	100	38
305	123	301	503767	0.0	0.49494272	Merger	162718940.0	100	38
306	124	302	504293	0.0	0.115693524	Merger	288582400.0	100	38
307	125	303	507701	0.0	0.60309976	Merger	161333470.0	100	38
308	126	304	507834	0.0	0.37899128	Merger	126508500.0	100	38
309	127	305	515193	0.0	0.45509136	Merger	240973700.0	100	38
310	128	306	517668	0.0	1.7223382	Merger	179001820.0	100	38
311	129	307	518101	0.0	0.66114134	Merger	142321300.0	100	38
312	130	308	519998	0.0	0.22628291	Merger	151042420.0	100	38
313	131	309	522634	0.0	0.34644103	Merger	144809970.0	100	38
314	132	310	523677	0.0	0.18646683	Merger	153244850.0	100	38
315	133	311	523843	0.0	0.3723645	Merger	102554790.0	100	38
316	134	312	523905	0.0	0.94243157	Merger	135198720.0	100	38
317	135	313	524194	0.0	1.2309912	Merger	200368850.0	100	38
318	136	314	525489	0.0	0.21981278	Merger	273199230.0	100	38
319	137	315	526496	0.0	0.22365393	Merger	247310110.0	100	38
320	138	316	528555	0.0	1.465795	Merger	178137300.0	100	38
321	139	317	532040	0.0	0.13943166	Merger	148715730.0	100	38
322	140	318	533661	0.0	0.22270522	Merger	163759060.0	100	38
323	141	319	534357	0.0	0.11660794	Merger	172701000.0	100	38
324	142	320	535599	0.0	0.14396514	Merger	155033010.0	100	38
325	143	321	536270	0.0	0.46052518	Merger	89266424.0	100	38
326	144	322	539134	0.0	0.2509995	Merger	86465670.0	100	38
327	145	323	539763	0.0	0.19169924	Merger	138181580.0	100	38
328	146	324	539892	0.0	0.9482819	Merger	86213850.0	100	38
329	147	325	540131	0.0	0.20845063	Merger	151003230.0	100	38
330	148	326	540691	0.0	0.30456835	Merger	124490110.0	100	38
331	149	327	541216	0.0	0.14808531	Merger	94577600.0	100	38
332	150	328	544551	0.0	0.7617931	Merger	140134600.0	100	38
333	151	329	545790	0.0	0.16133757	Merger	109065110.0	100	38
334	152	330	550345	0.0	0.3026448	Merger	121443470.0	100	38
335	153	331	550798	0.0	0.25145203	Merger	130668710.0	100	38
336	154	332	551331	0.0	0.11512413	Merger	218496580.0	100	38
337	155	333	551444	0.0	0.16617115	Merger	226308430.0	100	38
338	156	334	551595	0.0	0.1130549	Merger	206861940.0	100	38
339	157	335	555055	0.0	0.12935117	Merger	162162910.0	100	38
340	158	336	557661	0.0	0.1781749	Merger	195711710.0	100	38
341	159	337	557962	0.0	1.8238719	Merger	85238610.0	100	38
342	160	338	558918	0.0	0.10810258	Merger	151186380.0	100	38
343	161	339	579220	0.0	0.24780194	Merger	84281544.0	100	38
344	162	340	580362	0.0	0.17367156	Merger	87323410.0	100	38
345	163	341	594802	0.0	0.15934302	Merger	94470430.0	100	38
346	164	342	599097	0.0	0.15595157	Merger	169759980.0	100	38
347	165	343	601458	0.0	0.13763066	Merger	89662700.0	100	38
348	166	344	602293	0.0	0.17704478	Merger	89053390.0	100	38
349	167	345	618445	0.0	0.19185995	Merger	105867800.0	100	38
350	168	347	30	-0.1686306899999987	4.6141605	next_progenitor	640510800.0	10	38
351	169	501	473474	-0.1686306899999987	0.124978065	next_progenitor	100243496.0	10	38
352	170	507	478079	-0.1686306899999987	0.14211707	next_progenitor	340003400.0	10	38
353	171	528	504853	-0.1686306899999987	0.15448141	first_progenitor	410280770.0	1	38
354	172	552	541907	-0.1686306899999987	0.40852064	first_progenitor	223389470.0	1	38
355	173	791	463349	-0.2553504599999989	1.1931145	next_progenitor	881153150.0	10	38
356	174	818	488277	-0.2553504599999989	0.1422506	first_progenitor	759997250.0	1	38
357	175	866	553482	-0.2553504599999989	0.37812522	next_progenitor	271642700.0	10	38
358	176	954	360209	-0.4640805299999986	0.13777739	next_progenitor	1051578100.0	10	38
359	0	28	24	0.3043627410875889	0.2141508	Descendant	1545757700.0	1000	39
360	1	29	33	0.3043627410875889	0.36086532	Descendant	7168973000.0	1000	39
361	2	52	204371	0.3043627410875889	0.16897449	Descendant	424937700.0	1000	39
362	3	173	549704	0.3043627410875889	0.15076078	Descendant	173780900.0	1000	39
363	4	196	19	0.1686306899999987	0.13820219	Descendant	1312540300.0	1000	39
364	5	258	399893	0.1686306899999987	0.121792406	Descendant	675289800.0	1000	39
365	6	340	579220	0.1686306899999987	0.24780194	Descendant	132960720.0	1000	39
366	7	346	618445	0.1686306899999987	0.19185995	Descendant	158391940.0	1000	39
367	8	347	75	0.0	4.6141605	Merger	587281660.0	100	39
368	9	348	15225	0.0	0.15256059	Merger	4749465600.0	100	39
369	10	349	15233	0.0	0.15924715	Merger	1099069600.0	100	39
370	11	350	25491	0.0	0.17329527	Merger	795625500000.0	100	39
371	12	351	35545	0.0	0.6689662	Merger	323383100.0	100	39
372	13	352	50691	0.0	4.159198	Merger	7711324000.0	100	39
373	14	353	61603	0.0	0.1806864	Merger	197569400.0	100	39
374	15	354	64906	0.0	0.2119161	Merger	39972848000.0	100	39
375	16	355	73505	0.0	0.28852585	Merger	20459272000.0	100	39
376	17	356	97273	0.0	0.1692616	Merger	445486100.0	100	39
377	18	357	99770	0.0	0.5205592	Merger	176403220000.0	100	39
378	19	358	115253	0.0	0.14003052	Merger	25008058000.0	100	39
379	20	359	141031	0.0	0.22613408	Merger	104956330000.0	100	39
380	21	360	141033	0.0	0.14934082	Merger	247126400.0	100	39
381	22	361	154788	0.0	0.14326607	Merger	119253960.0	100	39
382	23	362	170167	0.0	0.23377886	Merger	1720590100.0	100	39
383	24	363	179028	0.0	0.36403105	Merger	59889193000.0	100	39
384	25	364	193404	0.0	0.17787448	Merger	26521979000.0	100	39
385	26	365	198415	0.0	0.16242461	Merger	604639740.0	100	39
386	27	366	201743	0.0	0.5457378	Merger	32382327000.0	100	39
387	28	367	210132	0.0	0.21436363	Merger	716751550.0	100	39
388	29	368	221822	0.0	0.204115	Merger	18492258000.0	100	39
389	30	369	224793	0.0	0.17785417	Merger	98900264.0	100	39
390	31	370	239720	0.0	1.3366555	Merger	1687760900.0	100	39
391	32	371	244859	0.0	0.19758609	Merger	307200580.0	100	39
392	33	372	245339	0.0	0.19672331	Merger	24836573000.0	100	39
393	34	373	248247	0.0	0.8976943	Merger	226772880.0	100	39
394	35	374	248909	0.0	0.18051082	Merger	2502313200.0	100	39
395	36	375	249989	0.0	0.3004712	Merger	22414481000.0	100	39
396	37	376	250255	0.0	0.7618951	Merger	208466220.0	100	39
397	38	377	253256	0.0	0.19960251	Merger	369401920.0	100	39
398	39	378	257435	0.0	0.11334629	Merger	5650100000.0	100	39
399	40	379	269025	0.0	0.13042721	Merger	1536771700.0	100	39
400	41	380	294656	0.0	0.20231423	Merger	106733240.0	100	39
401	42	381	295705	0.0	1.0266112	Merger	95898010.0	100	39
402	43	382	299984	0.0	0.22588167	Merger	7884255000.0	100	39
403	44	383	305919	0.0	0.24153236	Merger	3710669000.0	100	39
404	45	384	310399	0.0	2.1758547	Merger	530715460.0	100	39
405	46	385	325819	0.0	0.16353291	Merger	184965620.0	100	39
406	47	386	333400	0.0	0.22506686	Merger	209682510.0	100	39
407	48	387	341967	0.0	0.6280903	Merger	883054400.0	100	39
408	49	388	345152	0.0	0.35676807	Merger	110773070.0	100	39
409	50	389	345317	0.0	1.6002628	Merger	320065630.0	100	39
410	51	390	354864	0.0	1.1268753	Merger	106337930.0	100	39
411	52	391	372322	0.0	0.113362335	Merger	101044184.0	100	39
412	53	392	373590	0.0	0.11600052	Merger	2634672600.0	100	39
413	54	393	379616	0.0	2.1808903	Merger	3400064800.0	100	39
414	55	394	380233	0.0	0.112723365	Merger	1513814500.0	100	39
415	56	395	385872	0.0	0.48893628	Merger	97503190.0	100	39
416	57	396	387697	0.0	0.38839367	Merger	619143040.0	100	39
417	58	397	391060	0.0	0.637539	Merger	586773250.0	100	39
418	59	398	392339	0.0	1.477585	Merger	170330580.0	100	39
419	60	399	401547	0.0	0.19191784	Merger	1048297000.0	100	39
420	61	400	403083	0.0	1.3197467	Merger	755808200.0	100	39
421	62	401	403472	0.0	0.3370236	Merger	1776265000.0	100	39
422	63	402	404113	0.0	0.5793457	Merger	595723100.0	100	39
423	64	403	409900	0.0	0.31250015	Merger	212621040.0	100	39
424	65	404	412428	0.0	2.0272098	Merger	840863360.0	100	39
425	66	405	413284	0.0	0.1661087	Merger	453167230.0	100	39
426	67	406	414679	0.0	0.16113555	Merger	1547767200.0	100	39
427	68	407	415538	0.0	0.65324414	Merger	778322940.0	100	39
428	69	408	416344	0.0	1.1308498	Merger	1517478300.0	100	39
429	70	409	419453	0.0	0.12174676	Merger	784303000.0	100	39
430	71	410	420125	0.0	0.11109035	Merger	197491120.0	100	39
431	72	411	424780	0.0	0.8938359	Merger	469665180.0	100	39
432	73	412	425137	0.0	0.48057014	Merger	208958400.0	100	39
433	74	413	431116	0.0	1.3936089	Merger	794528200.0	100	39
434	75	414	433591	0.0	0.13893016	Merger	902534460.0	100	39
435	76	415	435883	0.0	0.3139868	Merger	730952200.0	100	39
436	77	416	436700	0.0	0.7689978	Merger	664336260.0	100	39
437	78	417	440934	0.0	1.3349234	Merger	557852540.0	100	39
438	79	418	445911	0.0	0.13165677	Merger	632589060.0	100	39
439	80	419	451324	0.0	0.112151854	Merger	127613940.0	100	39
440	81	420	453831	0.0	0.37414727	Merger	755354200.0	100	39
441	82	421	460110	0.0	0.24412087	Merger	609187600.0	100	39
442	83	422	463576	0.0	0.343465	Merger	293466500.0	100	39
443	84	423	464877	0.0	0.39089292	Merger	628903740.0	100	39
444	85	424	473258	0.0	1.3547547	Merger	281342240.0	100	39
445	86	425	475929	0.0	0.32158998	Merger	347022500.0	100	39
446	87	426	481961	0.0	0.13206409	Merger	117259464.0	100	39
447	88	427	487774	0.0	0.3478384	Merger	121214380.0	100	39
448	89	428	488080	0.0	0.21934457	Merger	95972190.0	100	39
449	90	429	489539	0.0	0.21317615	Merger	335685280.0	100	39
450	91	430	489997	0.0	0.124978065	Merger	277954000.0	100	39
451	92	431	492638	0.0	0.7675634	Merger	258273710.0	100	39
452	93	432	498292	0.0	0.4693734	Merger	504121800.0	100	39
453	94	433	499889	0.0	0.14211707	Merger	238241540.0	100	39
454	95	434	502087	0.0	0.19993882	Merger	144945390.0	100	39
455	96	435	502387	0.0	0.4353905	Merger	86294264.0	100	39
456	97	436	505931	0.0	0.11032482	Merger	183103680.0	100	39
457	98	437	505955	0.0	0.24231747	Merger	338664540.0	100	39
458	99	438	506718	0.0	0.32826436	Merger	277208830.0	100	39
459	100	439	506924	0.0	0.71791786	Merger	486800130.0	100	39
460	101	440	507698	0.0	0.38832483	Merger	241665500.0	100	39
461	102	441	510990	0.0	0.79246056	Merger	127320910.0	100	39
462	103	442	512582	0.0	0.121779725	Merger	273798200.0	100	39
463	104	443	513806	0.0	0.1387505	Merger	225719580.0	100	39
464	105	444	514641	0.0	0.15448141	Merger	182306450.0	100	39
465	106	445	518723	0.0	1.2024115	Merger	269355900.0	100	39
466	107	446	530151	0.0	0.822437	Merger	268590560.0	100	39
467	108	447	530316	0.0	0.24557236	Merger	208366750.0	100	39
468	109	448	532667	0.0	0.22922622	Merger	160543410.0	100	39
469	110	449	534049	0.0	0.11011034	Merger	216398400.0	100	39
470	111	450	540178	0.0	0.117977075	Merger	246411600.0	100	39
471	112	451	541081	0.0	1.7748163	Merger	122827210.0	100	39
472	113	452	543772	0.0	0.9873944	Merger	107281784.0	100	39
473	114	453	547248	0.0	0.12875633	Merger	290633730.0	100	39
474	115	454	549210	0.0	0.34504932	Merger	89365416.0	100	39
475	116	455	553186	0.0	0.4696012	Merger	238109470.0	100	39
476	117	456	553550	0.0	0.40852064	Merger	170012290.0	100	39
477	118	457	553934	0.0	0.3729699	Merger	93805970.0	100	39
478	119	458	556929	0.0	0.10291903	Merger	102630870.0	100	39
479	120	459	558199	0.0	0.17352174	Merger	128373630.0	100	39
480	121	460	561686	0.0	0.4460983	Merger	105967750.0	100	39
481	122	461	567300	0.0	0.25759727	Merger	167885760.0	100	39
482	123	462	569479	0.0	0.12385012	Merger	105038490.0	100	39
483	124	463	569545	0.0	0.4142789	Merger	114538200.0	100	39
484	125	464	573661	0.0	1.2813714	Merger	84377790.0	100	39
485	126	465	575584	0.0	0.14847732	Merger	134586500.0	100	39
486	127	466	577345	0.0	0.10230835	Merger	111556650.0	100	39
487	128	467	579765	0.0	0.14655294	Merger	142341810.0	100	39
488	129	468	582803	0.0	0.1315437	Merger	116157176.0	100	39
489	130	469	582939	0.0	0.71216965	Merger	131439180.0	100	39
490	131	470	590088	0.0	0.1706559	Merger	174825250.0	100	39
491	132	471	590862	0.0	0.16183415	Merger	86916720.0	100	39
492	133	472	601868	0.0	0.34914395	Merger	121366740.0	100	39
493	134	473	605448	0.0	0.27000144	Merger	88120290.0	100	39
494	135	474	623224	0.0	0.12671709	Merger	94537760.0	100	39
495	136	475	636207	0.0	0.681413	Merger	100931256.0	100	39
496	137	537	252008	-0.0867197700000002	1.1993265	first_progenitor	27586540000.0	1	39
497	138	578	341609	-0.0867197700000002	0.10090378	first_progenitor	296847230.0	1	39
498	139	616	400582	-0.0867197700000002	0.6683658	next_progenitor	2673252400.0	10	39
499	140	633	417303	-0.0867197700000002	0.14058603	next_progenitor	1797564700.0	10	39
500	141	690	480681	-0.0867197700000002	0.14915949	next_progenitor	717313700.0	10	39
501	142	714	518629	-0.0867197700000002	0.12387163	first_progenitor	134451200.0	1	39
502	143	724	522474	-0.0867197700000002	0.39109913	first_progenitor	193716560.0	1	39
503	144	791	618315	-0.2954498399999998	0.3738876	first_progenitor	92320104.0	1	39
504	145	793	15227	-0.2954498399999998	0.6039657	first_progenitor	16911763000.0	1	39
505	146	829	294213	-0.2954498399999998	0.1439535	next_progenitor	193756930.0	10	39
506	147	839	369833	-0.2954498399999998	0.14682086	first_progenitor	5200640000.0	1	39
507	148	881	478371	-0.2954498399999998	0.1497171	next_progenitor	101140880.0	10	39
508	149	915	560789	-0.2954498399999998	0.14580788	first_progenitor	93826696.0	1	39
509	150	954	0	-0.4501334000000003	0.12066	first_progenitor	1004585200000.0	1	39
510	151	955	4	-0.4501334000000003	0.12066	next_progenitor	67112150000.0	10	39
511	152	956	9	-0.4501334000000003	0.3707638	first_progenitor	13378043000.0	1	39
512	153	957	29	-0.4501334000000003	0.3707638	next_progenitor	4151024000.0	10	39
513	154	958	35	-0.4501334000000003	0.5209952	first_progenitor	310289760.0	1	39
514	155	960	37	-0.4501334000000003	0.1429532	first_progenitor	116836660.0	1	39
515	156	965	25521	-0.4501334000000003	0.37720644	next_progenitor	470274020.0	10	39
516	157	966	521485	-0.4501334000000003	0.7437761	first_progenitor	141843550.0	1	39
517	158	1011	181013	-0.4501334000000003	0.15783	next_progenitor	56680866000.0	10	39
518	159	1092	448302	-0.4501334000000003	0.10364987	first_progenitor	576185000.0	1	39
519	160	1126	443187	-0.4501334000000003	0.27748787	next_progenitor	970518100.0	10	39
520	161	1209	503139	-0.4501334000000003	0.48117	next_progenitor	591174600.0	10	39
521	162	1237	526800	-0.4501334000000003	0.41594324	next_progenitor	366788540.0	10	39
522	163	1253	504947	-0.4501334000000003	0.25918275	first_progenitor	383404000.0	1	39
523	0	11	24	0.391082511087589	0.2141508	Descendant	7511701500.0	1000	40
524	1	12	33	0.391082511087589	0.36086532	Descendant	899570370.0	1000	40
525	2	180	19	0.2553504599999989	0.13820219	Descendant	6584406000.0	1000	40
526	3	243	397965	0.2553504599999989	0.123035	Descendant	2195502000.0	1000	40
527	4	282	475875	0.2553504599999989	0.31255585	Descendant	268318160.0	1000	40
528	5	283	476460	0.2553504599999989	0.119544886	Descendant	1147118200.0	1000	40
529	6	343	75	0.0867197700000002	4.6141605	Descendant	108835860.0	1000	40
530	7	344	15225	0.0867197700000002	0.15256059	Descendant	26736957000.0	1000	40
531	8	345	15233	0.0867197700000002	0.15924715	Descendant	3277927400.0	1000	40
532	9	393	403083	0.0867197700000002	1.3197467	Descendant	3763752200.0	1000	40
533	10	417	475929	0.0867197700000002	0.32158998	Descendant	252371870.0	1000	40
534	11	466	36234	0.0	0.3112746	Merger	494730250000.0	100	40
535	12	467	36236	0.0	0.499631	Merger	92335290000.0	100	40
536	13	468	36283	0.0	0.27397263	Merger	154247970.0	100	40
537	14	469	51932	0.0	0.9771884	Merger	3411195400.0	100	40
538	15	470	62930	0.0	0.20964043	Merger	178905000.0	100	40
539	16	471	87010	0.0	0.1962944	Merger	276480330000.0	100	40
540	17	472	93692	0.0	0.18924344	Merger	164994660000.0	100	40
541	18	473	110115	0.0	0.3237371	Merger	1142019600.0	100	40
542	19	474	119693	0.0	0.3496266	Merger	141015560000.0	100	40
543	20	475	124040	0.0	0.12302632	Merger	60023060000.0	100	40
544	21	476	129305	0.0	0.10994748	Merger	65079370000.0	100	40
545	22	477	131688	0.0	0.19535846	Merger	378418270.0	100	40
546	23	478	135955	0.0	0.12304584	Merger	367109200.0	100	40
547	24	479	145449	0.0	1.7282249	Merger	6426812000.0	100	40
548	25	480	148468	0.0	0.33161518	Merger	3292878000.0	100	40
549	26	481	170096	0.0	0.25907567	Merger	41679930000.0	100	40
550	27	482	194873	0.0	0.12228801	Merger	117691976.0	100	40
551	28	483	209243	0.0	0.18434177	Merger	593249500.0	100	40
552	29	484	209744	0.0	0.12612018	Merger	27333753000.0	100	40
553	30	485	209747	0.0	0.15488842	Merger	217908780.0	100	40
554	31	486	211064	0.0	0.10931617	Merger	470111940.0	100	40
555	32	487	216961	0.0	0.1902847	Merger	19485210000.0	100	40
556	33	488	228634	0.0	0.10618934	Merger	771789630.0	100	40
557	34	489	232108	0.0	1.364449	Merger	2031652500.0	100	40
558	35	490	239266	0.0	0.45839697	Merger	909350460.0	100	40
559	36	491	243550	0.0	0.91189003	Merger	458554340.0	100	40
560	37	492	245230	0.0	0.18603656	Merger	333847700.0	100	40
561	38	493	248318	0.0	0.18298434	Merger	237729540.0	100	40
562	39	494	251038	0.0	0.10514393	Merger	10980607000.0	100	40
563	40	495	254268	0.0	0.15732001	Merger	212756240.0	100	40
564	41	496	258667	0.0	0.26592377	Merger	699555100.0	100	40
565	42	497	263790	0.0	1.1993265	Merger	16096408000.0	100	40
566	43	498	264649	0.0	0.12759413	Merger	119902830.0	100	40
567	44	499	264939	0.0	0.13111281	Merger	9058603000.0	100	40
568	45	500	277203	0.0	0.123949915	Merger	20689932000.0	100	40
569	46	501	285250	0.0	0.34894148	Merger	98442030.0	100	40
570	47	502	289514	0.0	0.15609479	Merger	1959839900.0	100	40
571	48	503	297404	0.0	0.21792197	Merger	8682093000.0	100	40
572	49	504	299098	0.0	0.17056915	Merger	2876786700.0	100	40
573	50	505	300277	0.0	0.33070457	Merger	2119533800.0	100	40
574	51	506	305537	0.0	0.20462835	Merger	99726920.0	100	40
575	52	507	305994	0.0	0.20142743	Merger	5651852000.0	100	40
576	53	508	310743	0.0	0.25512925	Merger	705912640.0	100	40
577	54	509	319900	0.0	1.6898873	Merger	1331772000.0	100	40
578	55	510	320765	0.0	0.1743372	Merger	4233713000.0	100	40
579	56	511	329990	0.0	0.19508575	Merger	3103488500.0	100	40
580	57	512	338413	0.0	0.4193866	Merger	2037081000.0	100	40
581	58	513	340254	0.0	0.8818441	Merger	2513506300.0	100	40
582	59	514	342238	0.0	0.5891442	Merger	1044210940.0	100	40
583	60	515	345169	0.0	0.12284843	Merger	3374132500.0	100	40
584	61	516	348021	0.0	0.13677979	Merger	396383360.0	100	40
585	62	517	348287	0.0	0.121467374	Merger	2538646000.0	100	40
586	63	518	349396	0.0	0.106311925	Merger	1752839400.0	100	40
587	64	519	349693	0.0	0.92234474	Merger	145956180.0	100	40
588	65	520	351420	0.0	0.10090378	Merger	3269661000.0	100	40
589	66	521	357887	0.0	0.6730737	Merger	1362666000.0	100	40
590	67	522	358243	0.0	0.27623236	Merger	2617491500.0	100	40
591	68	523	359205	0.0	2.137522	Merger	270704420.0	100	40
592	69	524	359377	0.0	0.34710985	Merger	86567256.0	100	40
593	70	525	361371	0.0	0.1715607	Merger	203956210.0	100	40
594	71	526	361373	0.0	0.304044	Merger	337945340.0	100	40
595	72	527	367077	0.0	0.20716451	Merger	361244600.0	100	40
596	73	528	367801	0.0	0.20991519	Merger	122143730.0	100	40
597	74	529	371407	0.0	0.36653578	Merger	1725843800.0	100	40
598	75	530	373959	0.0	0.12755492	Merger	2469559000.0	100	40
599	76	531	377273	0.0	0.2966957	Merger	863773950.0	100	40
600	77	532	380915	0.0	0.13471341	Merger	139910110.0	100	40
601	78	533	385417	0.0	0.21035483	Merger	1137175800.0	100	40
602	79	534	389280	0.0	0.12278054	Merger	2380203000.0	100	40
603	80	535	393931	0.0	0.14966528	Merger	1132676100.0	100	40
604	81	536	395368	0.0	0.2314243	Merger	180255180.0	100	40
605	82	537	398268	0.0	0.18531519	Merger	1667525400.0	100	40
606	83	538	400120	0.0	0.14012626	Merger	2125264600.0	100	40
607	84	539	411684	0.0	0.6683658	Merger	135262640.0	100	40
608	85	540	412395	0.0	0.104935706	Merger	1310000900.0	100	40
609	86	541	416690	0.0	0.1592413	Merger	2125440300.0	100	40
610	87	542	417255	0.0	1.779519	Merger	1439203100.0	100	40
611	88	543	419280	0.0	0.1379102	Merger	1605554400.0	100	40
612	89	544	419411	0.0	0.31789747	Merger	218552270.0	100	40
613	90	545	421727	0.0	0.30084386	Merger	418251170.0	100	40
614	91	546	422120	0.0	0.24486148	Merger	425909380.0	100	40
615	92	547	423389	0.0	0.42719904	Merger	1217408300.0	100	40
616	93	548	428113	0.0	0.14058603	Merger	1271278000.0	100	40
617	94	549	431521	0.0	0.14110288	Merger	945805060.0	100	40
618	95	550	434122	0.0	0.10546916	Merger	510347600.0	100	40
619	96	551	435037	0.0	0.19450654	Merger	695764860.0	100	40
620	97	552	437412	0.0	0.11758917	Merger	855546240.0	100	40
621	98	553	438862	0.0	0.13966557	Merger	252289000.0	100	40
622	99	554	441236	0.0	0.1232325	Merger	960810940.0	100	40
623	100	555	445318	0.0	0.43834287	Merger	578360260.0	100	40
624	101	556	447350	0.0	0.23553684	Merger	765808100.0	100	40
625	102	557	449003	0.0	0.24607287	Merger	620403900.0	100	40
626	103	558	451708	0.0	0.13916825	Merger	118917220.0	100	40
627	104	559	453693	0.0	0.3399892	Merger	128447050.0	100	40
628	105	560	457772	0.0	1.1147344	Merger	558157700.0	100	40
629	106	561	458419	0.0	0.23276214	Merger	129456880.0	100	40
630	107	562	459185	0.0	0.1592425	Merger	748652200.0	100	40
631	108	563	465275	0.0	0.31052902	Merger	378889440.0	100	40
632	109	564	465618	0.0	0.21070938	Merger	298009000.0	100	40
633	110	565	465852	0.0	1.2430859	Merger	114391470.0	100	40
634	111	566	468521	0.0	0.1450235	Merger	336029760.0	100	40
635	112	567	470567	0.0	0.6234078	Merger	459444800.0	100	40
636	113	568	471718	0.0	0.14378628	Merger	452917060.0	100	40
637	114	569	472297	0.0	0.103302464	Merger	301738020.0	100	40
638	115	570	473988	0.0	0.3177242	Merger	507913180.0	100	40
639	116	571	477221	0.0	0.19719967	Merger	500098800.0	100	40
640	117	572	477794	0.0	0.27735662	Merger	337397120.0	100	40
641	118	573	479533	0.0	1.1931145	Merger	329857020.0	100	40
642	119	574	480635	0.0	0.15065676	Merger	729936900.0	100	40
643	120	575	481428	0.0	0.11519471	Merger	84933330.0	100	40
644	121	576	481852	0.0	0.26534256	Merger	365989250.0	100	40
645	122	577	488529	0.0	0.18670641	Merger	333861660.0	100	40
646	123	578	488738	0.0	0.14915949	Merger	395684480.0	100	40
647	124	579	488980	0.0	0.13093546	Merger	196396110.0	100	40
648	125	580	491147	0.0	0.18617281	Merger	358119300.0	100	40
649	126	581	491236	0.0	0.23133402	Merger	349692700.0	100	40
650	127	582	492615	0.0	0.43874428	Merger	621678200.0	100	40
651	128	583	493700	0.0	0.7573882	Merger	337537860.0	100	40
652	129	584	501055	0.0	0.104026385	Merger	240280180.0	100	40
653	130	585	502194	0.0	0.11171324	Merger	100178640.0	100	40
654	131	586	502591	0.0	0.13715789	Merger	320596160.0	100	40
655	132	587	502664	0.0	0.1892301	Merger	403827870.0	100	40
656	133	588	503988	0.0	0.1422506	Merger	504380700.0	100	40
657	134	589	507396	0.0	1.3632048	Merger	423059520.0	100	40
658	135	590	507936	0.0	0.111633755	Merger	215421500.0	100	40
659	136	591	509252	0.0	1.3324414	Merger	556354940.0	100	40
660	137	592	510232	0.0	0.12387163	Merger	298997380.0	100	40
661	138	593	512555	0.0	0.16981152	Merger	117892050.0	100	40
662	139	594	513232	0.0	0.3025548	Merger	229092110.0	100	40
663	140	595	519340	0.0	0.52832747	Merger	114380620.0	100	40
664	141	596	520656	0.0	0.4801045	Merger	135409010.0	100	40
665	142	597	525180	0.0	0.39109913	Merger	103735400.0	100	40
666	143	598	526900	0.0	0.909106	Merger	130899096.0	100	40
667	144	599	526934	0.0	0.11378027	Merger	314193440.0	100	40
668	145	600	528947	0.0	0.36683553	Merger	226498780.0	100	40
669	146	601	534003	0.0	0.33233514	Merger	248426240.0	100	40
670	147	602	537172	0.0	1.4748527	Merger	157384540.0	100	40
671	148	603	544171	0.0	0.9124366	Merger	157442780.0	100	40
672	149	604	544447	0.0	0.33198568	Merger	286202270.0	100	40
673	150	605	544890	0.0	0.37827352	Merger	180391000.0	100	40
674	151	606	549564	0.0	0.36457115	Merger	100801900.0	100	40
675	152	607	553198	0.0	0.25911918	Merger	92949210.0	100	40
676	153	608	554974	0.0	0.61507195	Merger	115302856.0	100	40
677	154	609	559935	0.0	0.16624472	Merger	153337140.0	100	40
678	155	610	561654	0.0	0.28638574	Merger	143656940.0	100	40
679	156	611	562315	0.0	0.38459486	Merger	154064480.0	100	40
680	157	612	564874	0.0	0.37812522	Merger	166488850.0	100	40
681	158	613	569116	0.0	0.20024844	Merger	120603670.0	100	40
682	159	614	570267	0.0	0.10569192	Merger	114161290.0	100	40
683	160	615	573270	0.0	0.11944988	Merger	116397520.0	100	40
684	161	616	574283	0.0	0.16512273	Merger	117458970.0	100	40
685	162	617	576370	0.0	0.4214224	Merger	156299780.0	100	40
686	163	618	579023	0.0	0.3582318	Merger	111035960.0	100	40
687	164	619	579953	0.0	0.14653285	Merger	106283224.0	100	40
688	165	620	582283	0.0	0.19689098	Merger	93725440.0	100	40
689	166	621	585965	0.0	0.8099288	Merger	108925650.0	100	40
690	167	622	589235	0.0	0.13303964	Merger	127718880.0	100	40
691	168	623	590493	0.0	0.242384	Merger	122611500.0	100	40
692	169	624	592543	0.0	0.25763866	Merger	93017930.0	100	40
693	170	625	595949	0.0	1.2524371	Merger	87585740.0	100	40
694	171	626	602327	0.0	0.11109475	Merger	92453704.0	100	40
695	172	627	610361	0.0	0.19646882	Merger	186709390.0	100	40
696	173	628	614871	0.0	0.4783235	Merger	99996056.0	100	40
697	174	629	616147	0.0	0.28354266	Merger	90872890.0	100	40
698	175	630	619151	0.0	0.26282763	Merger	90595280.0	100	40
699	176	631	62	-0.2087300699999996	0.3738876	first_progenitor	214092260.0	1	40
700	177	633	15251	-0.2087300699999996	0.6039657	first_progenitor	128722600.0	1	40
701	178	685	545536	-0.2087300699999996	0.19510391	next_progenitor	140123470.0	10	40
702	179	760	547652	-0.2087300699999996	0.11764617	first_progenitor	206665500.0	1	40
703	180	776	570869	-0.2087300699999996	0.12785676	next_progenitor	153604930.0	10	40
704	181	806	0	-0.3634136300000001	0.12066	first_progenitor	1052539500000.0	1	40
705	182	807	8	-0.3634136300000001	0.12066	next_progenitor	14125772000.0	10	40
706	183	808	13	-0.3634136300000001	0.3707638	first_progenitor	19581719000.0	1	40
707	184	809	25	-0.3634136300000001	0.3707638	next_progenitor	1227808100.0	10	40
708	185	810	34	-0.3634136300000001	0.5209952	first_progenitor	6620817400.0	1	40
709	186	812	77	-0.3634136300000001	0.1429532	first_progenitor	752392000.0	1	40
710	187	883	241728	-0.3634136300000001	0.30741158	first_progenitor	27786422000.0	1	40
711	188	895	284798	-0.3634136300000001	0.4006589	first_progenitor	286232670.0	1	40
712	189	896	284799	-0.3634136300000001	0.4006589	next_progenitor	511761820.0	10	40
713	190	998	463935	-0.3634136300000001	0.91217744	next_progenitor	843088700.0	10	40
714	191	1027	491640	-0.3634136300000001	0.19109844	first_progenitor	274692480.0	1	40
715	192	1046	497619	-0.3634136300000001	0.5024844	next_progenitor	386898880.0	10	40
716	193	1053	498349	-0.3634136300000001	0.10949389	first_progenitor	144658030.0	1	40
717	194	1058	510463	-0.3634136300000001	0.18261585	next_progenitor	547719700.0	10	40
718	195	1092	539332	-0.3634136300000001	0.15191486	next_progenitor	369841700.0	10	40
719	0	2	550875	0.0	0.26630804	Merger	190171900.0	101	41
720	1	3	19	0.4640805299999986	0.13820219	Descendant	2320777500.0	1000	41
721	2	12	150787	0.4640805299999986	0.13201365	Descendant	254532180.0	1000	41
722	3	105	475875	0.4640805299999986	0.31255585	Descendant	1077094500.0	1000	41
723	4	119	500177	0.4640805299999986	0.20839265	Descendant	157953710.0	1000	41
724	5	140	535599	0.4640805299999986	0.14396514	Descendant	350472260.0	1000	41
725	6	251	498292	0.2954498399999998	0.4693734	Descendant	166512910.0	1000	41
726	7	278	558199	0.2954498399999998	0.17352174	Descendant	188485420.0	1000	41
727	8	288	582939	0.2954498399999998	0.71216965	Descendant	136328380.0	1000	41
728	9	437	561654	0.2087300699999996	0.28638574	Descendant	254922910.0	1000	41
729	10	440	569116	0.2087300699999996	0.20024844	Descendant	277864800.0	1000	41
730	11	458	67	0.0	0.3738876	Merger	114950230.0	100	41
731	12	459	15521	0.0	0.6039657	Merger	287859360.0	100	41
732	13	460	30156	0.0	0.32466003	Merger	432114370.0	100	41
733	14	461	39925	0.0	0.11714707	Merger	4368983000.0	100	41
734	15	462	64390	0.0	0.1367968	Merger	28019230000.0	100	41
735	16	463	87059	0.0	0.8821906	Merger	466878080.0	100	41
736	17	464	123648	0.0	0.15516388	Merger	125032210.0	100	41
737	18	465	137777	0.0	0.13402964	Merger	5480590300.0	100	41
738	19	466	148939	0.0	0.7604974	Merger	353317120.0	100	41
739	20	467	164791	0.0	0.6005287	Merger	133347700.0	100	41
740	21	468	165683	0.0	0.15717524	Merger	81694590000.0	100	41
741	22	469	182675	0.0	0.18927188	Merger	36577240000.0	100	41
742	23	470	194741	0.0	0.111217	Merger	180514220.0	100	41
743	24	471	203582	0.0	0.13967593	Merger	352801600.0	100	41
744	25	472	234649	0.0	0.2541805	Merger	12945096000.0	100	41
745	26	473	255860	0.0	1.3041452	Merger	9962137000.0	100	41
746	27	474	263658	0.0	0.10382035	Merger	151791550.0	100	41
747	28	475	280891	0.0	0.33701766	Merger	1321315600.0	100	41
748	29	476	295197	0.0	0.77970225	Merger	362340200.0	100	41
749	30	477	297066	0.0	0.18471752	Merger	6334965000.0	100	41
750	31	478	300769	0.0	0.17505601	Merger	352689570.0	100	41
751	32	479	311950	0.0	0.1439535	Merger	183040080.0	100	41
752	33	480	337747	0.0	0.12413761	Merger	2684220400.0	100	41
753	34	481	345268	0.0	0.2903284	Merger	2858700800.0	100	41
754	35	482	357903	0.0	1.9204156	Merger	494816320.0	100	41
755	36	483	370046	0.0	1.4262213	Merger	3952015600.0	100	41
756	37	484	371219	0.0	0.14161023	Merger	5308053000.0	100	41
757	38	485	377776	0.0	0.19510391	Merger	197962320.0	100	41
758	39	486	382530	0.0	0.14682086	Merger	2952294000.0	100	41
759	40	487	384756	0.0	0.13777739	Merger	2889036800.0	100	41
760	41	488	390725	0.0	0.21942694	Merger	697046800.0	100	41
761	42	489	405425	0.0	0.31345335	Merger	1694810800.0	100	41
762	43	490	425714	0.0	0.39008617	Merger	257672260.0	100	41
763	44	491	429270	0.0	0.12393214	Merger	382603780.0	100	41
764	45	492	436357	0.0	0.13481288	Merger	156602610.0	100	41
765	46	493	440636	0.0	0.18492284	Merger	104136220.0	100	41
766	47	494	442720	0.0	0.17485663	Merger	1019500740.0	100	41
767	48	495	458122	0.0	0.1612852	Merger	661459460.0	100	41
768	49	496	462733	0.0	0.12854654	Merger	791249000.0	100	41
769	50	497	462835	0.0	0.6057868	Merger	652275000.0	100	41
770	51	498	462901	0.0	0.12356539	Merger	747010700.0	100	41
771	52	499	466133	0.0	0.48306334	Merger	614186560.0	100	41
772	53	500	469280	0.0	0.6939098	Merger	554753600.0	100	41
773	54	501	478054	0.0	0.11129594	Merger	215038990.0	100	41
774	55	502	478900	0.0	0.3704405	Merger	386437380.0	100	41
775	56	503	484157	0.0	2.6853037	Merger	409254980.0	100	41
776	57	504	486310	0.0	0.14308879	Merger	204470740.0	100	41
777	58	505	490775	0.0	0.99038935	Merger	263242200.0	100	41
778	59	506	492471	0.0	0.74134994	Merger	294001760.0	100	41
779	60	507	495011	0.0	0.11234478	Merger	120455750.0	100	41
780	61	508	495578	0.0	0.1497171	Merger	252719090.0	100	41
781	62	509	501407	0.0	0.31239632	Merger	447699360.0	100	41
782	63	510	502032	0.0	0.26847368	Merger	324880220.0	100	41
783	64	511	503070	0.0	0.90697134	Merger	452554780.0	100	41
784	65	512	504341	0.0	0.17846304	Merger	545181000.0	100	41
785	66	513	507417	0.0	0.11684218	Merger	126792610.0	100	41
786	67	514	513513	0.0	0.13611431	Merger	413999170.0	100	41
787	68	515	517883	0.0	1.4308144	Merger	115517790.0	100	41
788	69	516	519259	0.0	0.2200255	Merger	135157180.0	100	41
789	70	517	522980	0.0	0.17870085	Merger	175749540.0	100	41
790	71	518	526541	0.0	0.37152988	Merger	389052830.0	100	41
791	72	519	526707	0.0	0.16472046	Merger	161045940.0	100	41
792	73	520	531018	0.0	0.18100357	Merger	96957450.0	100	41
793	74	521	532007	0.0	1.2361373	Merger	94531320.0	100	41
794	75	522	534240	0.0	0.67108595	Merger	174680780.0	100	41
795	76	523	542504	0.0	0.105038635	Merger	194953730.0	100	41
796	77	524	543084	0.0	0.11764617	Merger	144763920.0	100	41
797	78	525	546526	0.0	0.17323773	Merger	234432580.0	100	41
798	79	526	547288	0.0	0.11961936	Merger	248209000.0	100	41
799	80	527	549362	0.0	0.14580788	Merger	144278200.0	100	41
800	81	528	554813	0.0	0.33564016	Merger	175550420.0	100	41
801	82	529	566354	0.0	0.13689017	Merger	174095180.0	100	41
802	83	530	568269	0.0	0.4210804	Merger	90921490.0	100	41
803	84	531	569555	0.0	0.12785676	Merger	100873656.0	100	41
804	85	532	575281	0.0	0.62332636	Merger	115925480.0	100	41
805	86	533	577127	0.0	0.1562853	Merger	253989660.0	100	41
806	87	534	577941	0.0	0.475721	Merger	130726690.0	100	41
807	88	535	579437	0.0	0.12230228	Merger	124207510.0	100	41
808	89	536	579838	0.0	0.28654853	Merger	96591384.0	100	41
809	90	537	579914	0.0	0.14148939	Merger	132989290.0	100	41
810	91	538	582484	0.0	0.15656018	Merger	122508780.0	100	41
811	92	539	585800	0.0	0.59294146	Merger	99721016.0	100	41
812	93	540	586598	0.0	0.43713358	Merger	91395540.0	100	41
813	94	541	599425	0.0	1.2615526	Merger	88277896.0	100	41
814	95	542	605186	0.0	0.14225239	Merger	109283544.0	100	41
815	96	543	607316	0.0	0.11049355	Merger	98204890.0	100	41
816	97	544	614459	0.0	0.24359481	Merger	100447390.0	100	41
817	98	545	624624	0.0	0.10413531	Merger	88994740.0	100	41
818	99	546	632948	0.0	1.3984432	Merger	101098050.0	100	41
819	100	547	0	-0.1546835600000005	0.12066	first_progenitor	1147739200000.0	1	41
820	101	548	10	-0.1546835600000005	0.12066	next_progenitor	15606008000.0	10	41
821	102	549	9	-0.1546835600000005	0.3707638	first_progenitor	10724772000.0	1	41
822	103	550	35	-0.1546835600000005	0.3707638	next_progenitor	5643269600.0	10	41
823	104	551	38	-0.1546835600000005	0.5209952	first_progenitor	280957800.0	1	41
824	105	553	57	-0.1546835600000005	0.1429532	first_progenitor	146998080.0	1	41
825	106	652	314451	-0.1546835600000005	0.17362708	first_progenitor	14438628000.0	1	41
826	107	771	490430	-0.1546835600000005	0.19109844	first_progenitor	724583000.0	1	41
827	108	781	489758	-0.1546835600000005	0.14531133	first_progenitor	486694180.0	1	41
828	109	790	502310	-0.1546835600000005	0.17812732	next_progenitor	829036100.0	10	41
829	110	805	517682	-0.1546835600000005	0.2366314	first_progenitor	781518400.0	1	41
830	111	849	542386	-0.1546835600000005	0.10111969	first_progenitor	150286340.0	1	41
831	112	861	551908	-0.1546835600000005	1.2245288	first_progenitor	227513260.0	1	41
832	113	872	553053	-0.1546835600000005	0.169407	first_progenitor	85524160.0	1	41
833	114	874	553822	-0.1546835600000005	0.47459933	first_progenitor	150041650.0	1	41
834	0	67	433591	0.4501334000000003	0.13893016	Descendant	1345327000.0	1000	42
835	1	82	489539	0.4501334000000003	0.21317615	Descendant	84860100.0	1000	42
836	2	95	512582	0.4501334000000003	0.121779725	Descendant	561799800.0	1000	42
837	3	294	67	0.1546835600000005	0.3738876	Descendant	103351650.0	1000	42
838	4	384	0	0.0	0.12066	Merger	1199463900000.0	100	42
839	5	385	9	0.0	0.3707638	Merger	26483274000.0	100	42
840	6	386	50	0.0	0.5209952	Merger	185100660.0	100	42
841	7	387	80	0.0	0.1429532	Merger	101879256.0	100	42
842	8	388	30749	0.0	0.15148754	Merger	258091600.0	100	42
843	9	389	30799	0.0	0.37720644	Merger	497634880.0	100	42
844	10	390	41077	0.0	0.7437761	Merger	148021840.0	100	42
845	11	391	58726	0.0	1.3460537	Merger	298475000000.0	100	42
846	12	392	65805	0.0	0.16233477	Merger	216982570000.0	100	42
847	13	393	78805	0.0	0.1553376	Merger	2661531000.0	100	42
848	14	394	98908	0.0	0.11274201	Merger	308530640000.0	100	42
849	15	395	102083	0.0	0.75256115	Merger	2237045000.0	100	42
850	16	396	108591	0.0	2.322698	Merger	3475252200.0	100	42
851	17	397	139352	0.0	0.15306084	Merger	133563930000.0	100	42
852	18	398	147385	0.0	0.16841274	Merger	116704430.0	100	42
853	19	399	155063	0.0	0.25786918	Merger	722338240.0	100	42
854	20	400	164165	0.0	0.12616895	Merger	367303970.0	100	42
855	21	401	171945	0.0	1.1015909	Merger	29310865000.0	100	42
856	22	402	172886	0.0	0.5431596	Merger	180895710.0	100	42
857	23	403	179558	0.0	0.24611093	Merger	6762980000.0	100	42
858	24	404	179560	0.0	0.44383225	Merger	972897600.0	100	42
859	25	405	186213	0.0	0.14189398	Merger	43039896000.0	100	42
860	26	406	188330	0.0	0.10441278	Merger	1638448900.0	100	42
861	27	407	198327	0.0	0.15404251	Merger	5584413700.0	100	42
862	28	408	199538	0.0	0.18663451	Merger	62735585000.0	100	42
863	29	409	200287	0.0	0.39184815	Merger	37007077000.0	100	42
864	30	410	200292	0.0	0.16878499	Merger	248803520.0	100	42
865	31	411	203769	0.0	0.116532356	Merger	162163170.0	100	42
866	32	412	206538	0.0	0.44233137	Merger	870963000.0	100	42
867	33	413	210257	0.0	0.15783	Merger	785707300.0	100	42
868	34	414	212785	0.0	0.18672772	Merger	10741394000.0	100	42
869	35	415	214174	0.0	0.11513547	Merger	112237700.0	100	42
870	36	416	221631	0.0	0.4147691	Merger	16438198000.0	100	42
871	37	417	222305	0.0	0.15633398	Merger	45648970000.0	100	42
872	38	418	222814	0.0	0.31837288	Merger	538595600.0	100	42
873	39	419	228800	0.0	0.28692114	Merger	11616086000.0	100	42
874	40	420	234940	0.0	0.33577493	Merger	196408240.0	100	42
875	41	421	238630	0.0	0.42625862	Merger	346542100.0	100	42
876	42	422	239677	0.0	0.1668703	Merger	776209900.0	100	42
877	43	423	251727	0.0	0.11585283	Merger	588504100.0	100	42
878	44	424	254657	0.0	0.30741158	Merger	16635318000.0	100	42
879	45	425	262339	0.0	0.71695817	Merger	30302260000.0	100	42
880	46	426	269313	0.0	0.44659457	Merger	134011976.0	100	42
881	47	427	272451	0.0	0.11807767	Merger	7452428000.0	100	42
882	48	428	287005	0.0	1.1263567	Merger	12356061000.0	100	42
883	49	429	291513	0.0	2.1765041	Merger	5870983700.0	100	42
884	50	430	299376	0.0	0.4006589	Merger	3004863700.0	100	42
885	51	431	305465	0.0	0.11580822	Merger	168634560.0	100	42
886	52	432	306950	0.0	0.10832097	Merger	12797769000.0	100	42
887	53	433	312507	0.0	0.105083115	Merger	3200953000.0	100	42
888	54	434	321466	0.0	0.16998231	Merger	13238793000.0	100	42
889	55	435	321635	0.0	0.1366729	Merger	3157592800.0	100	42
890	56	436	325735	0.0	0.19324158	Merger	12312463000.0	100	42
891	57	437	331805	0.0	0.17362708	Merger	10256591000.0	100	42
892	58	438	335098	0.0	0.22904424	Merger	6529674000.0	100	42
893	59	439	335486	0.0	0.105591856	Merger	7018358300.0	100	42
894	60	440	335951	0.0	1.7048252	Merger	4886056000.0	100	42
895	61	441	339118	0.0	1.635953	Merger	5267021300.0	100	42
896	62	442	353602	0.0	0.8622116	Merger	3277019000.0	100	42
897	63	443	361604	0.0	0.16602477	Merger	5875216400.0	100	42
898	64	444	364456	0.0	0.19640149	Merger	133055470.0	100	42
899	65	445	367030	0.0	0.17357974	Merger	5688768500.0	100	42
900	66	446	367627	0.0	0.2660934	Merger	145329600.0	100	42
901	67	447	368643	0.0	0.24442245	Merger	2453778400.0	100	42
902	68	448	369919	0.0	0.10096641	Merger	1246661100.0	100	42
903	69	449	378431	0.0	0.38225704	Merger	5728867000.0	100	42
904	70	450	382320	0.0	0.11545814	Merger	2474125000.0	100	42
905	71	451	383910	0.0	0.15295145	Merger	145227490.0	100	42
906	72	452	389051	0.0	0.17491871	Merger	672233540.0	100	42
907	73	453	389180	0.0	0.3328559	Merger	1284183000.0	100	42
908	74	454	398548	0.0	0.3674745	Merger	182627180.0	100	42
909	75	455	398816	0.0	0.15568717	Merger	4002679800.0	100	42
910	76	456	402011	0.0	0.10364987	Merger	696850100.0	100	42
911	77	457	402305	0.0	0.25840098	Merger	1988151900.0	100	42
912	78	458	404759	0.0	0.6235972	Merger	444641400.0	100	42
913	79	459	406702	0.0	0.19799843	Merger	2586192100.0	100	42
914	80	460	408639	0.0	0.54987776	Merger	938098900.0	100	42
915	81	461	408640	0.0	0.3256377	Merger	139590960.0	100	42
916	82	462	410055	0.0	0.2001351	Merger	516490530.0	100	42
917	83	463	410056	0.0	0.18988606	Merger	254126110.0	100	42
918	84	464	414376	0.0	0.8177481	Merger	3910390500.0	100	42
919	85	465	417825	0.0	0.21628015	Merger	722581440.0	100	42
920	86	466	421645	0.0	0.33348513	Merger	1159999700.0	100	42
921	87	467	423266	0.0	0.11642965	Merger	1405992400.0	100	42
922	88	468	433922	0.0	0.13579404	Merger	814777540.0	100	42
923	89	469	436057	0.0	0.16046809	Merger	882140160.0	100	42
924	90	470	440546	0.0	0.23858146	Merger	721792830.0	100	42
925	91	471	449573	0.0	0.13894331	Merger	762681540.0	100	42
926	92	472	457061	0.0	0.23671216	Merger	252238850.0	100	42
927	93	473	460149	0.0	0.27748787	Merger	611083260.0	100	42
928	94	474	463370	0.0	1.356091	Merger	167712160.0	100	42
929	95	475	465074	0.0	0.3285304	Merger	222001940.0	100	42
930	96	476	466304	0.0	0.28760183	Merger	409878240.0	100	42
931	97	477	471989	0.0	1.6263857	Merger	304722270.0	100	42
932	98	478	472117	0.0	0.17046848	Merger	595257540.0	100	42
933	99	479	475360	0.0	0.14107923	Merger	799916860.0	100	42
934	100	480	477078	0.0	0.3019309	Merger	366398240.0	100	42
935	101	481	477878	0.0	0.1851274	Merger	595941950.0	100	42
936	102	482	479435	0.0	0.91217744	Merger	174155630.0	100	42
937	103	483	488044	0.0	0.13775492	Merger	238046670.0	100	42
938	104	484	491621	0.0	0.19128269	Merger	897343500.0	100	42
939	105	485	491818	0.0	0.3128926	Merger	658363650.0	100	42
940	106	486	491946	0.0	0.13504396	Merger	457565380.0	100	42
941	107	487	492529	0.0	0.28029096	Merger	348362900.0	100	42
942	108	488	493682	0.0	0.30899748	Merger	488033600.0	100	42
943	109	489	494840	0.0	1.1629841	Merger	117378650.0	100	42
944	110	490	494993	0.0	0.33515954	Merger	182265650.0	100	42
945	111	491	495805	0.0	0.16174549	Merger	878619840.0	100	42
946	112	492	495966	0.0	0.29430425	Merger	363396000.0	100	42
947	113	493	497006	0.0	0.119135834	Merger	218627200.0	100	42
948	114	494	498055	0.0	1.0197483	Merger	252761570.0	100	42
949	115	495	498399	0.0	1.5058844	Merger	219340020.0	100	42
950	116	496	498889	0.0	0.27328363	Merger	154237860.0	100	42
951	117	497	499832	0.0	0.19109844	Merger	88465700.0	100	42
952	118	498	500557	0.0	0.1742878	Merger	103030450.0	100	42
953	119	499	501218	0.0	0.33821005	Merger	439100900.0	100	42
954	120	500	502247	0.0	0.14252518	Merger	286600830.0	100	42
955	121	501	505508	0.0	0.1983499	Merger	394012960.0	100	42
956	122	502	507921	0.0	0.14531133	Merger	410775800.0	100	42
957	123	503	508469	0.0	0.19041476	Merger	490489000.0	100	42
958	124	504	511212	0.0	0.18931445	Merger	358963460.0	100	42
959	125	505	512886	0.0	0.2619346	Merger	162661230.0	100	42
960	126	506	518381	0.0	0.17812732	Merger	390114940.0	100	42
961	127	507	521011	0.0	0.5024844	Merger	123682410.0	100	42
962	128	508	525308	0.0	0.15049964	Merger	296577470.0	100	42
963	129	509	526197	0.0	0.46538636	Merger	254233950.0	100	42
964	130	510	526330	0.0	0.16226006	Merger	406600260.0	100	42
965	131	511	526983	0.0	0.10949389	Merger	377840600.0	100	42
966	132	512	528024	0.0	0.18972835	Merger	202634600.0	100	42
967	133	513	532054	0.0	0.18261585	Merger	225894300.0	100	42
968	134	514	533131	0.0	0.2366314	Merger	308753900.0	100	42
969	135	515	534626	0.0	1.0815028	Merger	123669210.0	100	42
970	136	516	536532	0.0	0.27485332	Merger	176207680.0	100	42
971	137	517	536581	0.0	0.48117	Merger	240968110.0	100	42
972	138	518	538890	0.0	0.15971906	Merger	202373570.0	100	42
973	139	519	539006	0.0	0.18986602	Merger	171190830.0	100	42
974	140	520	539342	0.0	0.88597906	Merger	98566130.0	100	42
975	141	521	540295	0.0	0.25182083	Merger	215308480.0	100	42
976	142	522	540681	0.0	0.5833386	Merger	339774530.0	100	42
977	143	523	542546	0.0	1.2360605	Merger	237732980.0	100	42
978	144	524	544106	0.0	0.1405533	Merger	179647870.0	100	42
979	145	525	545628	0.0	0.13701178	Merger	136388270.0	100	42
980	146	526	547925	0.0	0.16983798	Merger	139435920.0	100	42
981	147	527	548073	0.0	0.13572223	Merger	289441860.0	100	42
982	148	528	548486	0.0	1.3244377	Merger	121551070.0	100	42
983	149	529	549304	0.0	0.67655677	Merger	239808020.0	100	42
984	150	530	549424	0.0	0.15191486	Merger	183517900.0	100	42
985	151	531	550676	0.0	0.41594324	Merger	107598310.0	100	42
986	152	532	551289	0.0	0.19519025	Merger	339194620.0	100	42
987	153	533	552160	0.0	0.45068303	Merger	269929250.0	100	42
988	154	534	552290	0.0	0.12478456	Merger	134156824.0	100	42
989	155	535	554805	0.0	0.13317534	Merger	286300860.0	100	42
990	156	536	557569	0.0	0.10111969	Merger	382338400.0	100	42
991	157	537	558043	0.0	0.19418514	Merger	158541570.0	100	42
992	158	538	558835	0.0	0.76052004	Merger	176393230.0	100	42
993	159	539	559946	0.0	0.15662827	Merger	110738220.0	100	42
994	160	540	560102	0.0	0.25918275	Merger	145814560.0	100	42
995	161	541	560629	0.0	0.22141294	Merger	255736400.0	100	42
996	162	542	560781	0.0	1.2245288	Merger	133576070.0	100	42
997	163	543	562906	0.0	0.33605665	Merger	218614400.0	100	42
998	164	544	562932	0.0	0.46966147	Merger	213871330.0	100	42
999	165	545	567902	0.0	0.29517362	Merger	291346430.0	100	42
1000	166	546	568010	0.0	0.18861856	Merger	179875100.0	100	42
1001	167	547	569903	0.0	0.27439803	Merger	132699890.0	100	42
1002	168	548	571333	0.0	0.169407	Merger	123439870.0	100	42
1003	169	549	572194	0.0	0.47459933	Merger	88339740.0	100	42
1004	170	550	574087	0.0	0.10006589	Merger	164709540.0	100	42
1005	171	551	574122	0.0	0.1698466	Merger	97055550.0	100	42
1006	172	552	575975	0.0	0.92749614	Merger	94851240.0	100	42
1007	173	553	576979	0.0	0.57051396	Merger	102946160.0	100	42
1008	174	554	579340	0.0	0.17609867	Merger	115470820.0	100	42
1009	175	555	579832	0.0	0.13236229	Merger	141624960.0	100	42
1010	176	556	580854	0.0	0.2565274	Merger	102139560.0	100	42
1011	177	557	581828	0.0	0.4328081	Merger	160225140.0	100	42
1012	178	558	583688	0.0	0.11276789	Merger	93956820.0	100	42
1013	179	559	585619	0.0	0.45494485	Merger	201051490.0	100	42
1014	180	560	587562	0.0	0.3767492	Merger	98313660.0	100	42
1015	181	561	590626	0.0	0.16618977	Merger	176968670.0	100	42
1016	182	562	590680	0.0	0.19619033	Merger	145668700.0	100	42
1017	183	563	591324	0.0	0.14090039	Merger	132046536.0	100	42
1018	184	564	591367	0.0	0.3625998	Merger	189330660.0	100	42
1019	185	565	598827	0.0	0.24534655	Merger	103140760.0	100	42
1020	186	566	603669	0.0	0.155139	Merger	207669020.0	100	42
1021	187	567	604602	0.0	0.660523	Merger	118363720.0	100	42
1022	188	568	606173	0.0	0.5924077	Merger	92361360.0	100	42
1023	189	569	612098	0.0	0.32011688	Merger	84375270.0	100	42
1024	190	570	615107	0.0	0.13856027	Merger	86327090.0	100	42
1025	191	571	615936	0.0	0.13461429	Merger	120724710.0	100	42
1026	192	572	617456	0.0	0.21182619	Merger	123190730.0	100	42
1027	193	573	638418	0.0	0.1654603	Merger	92169020.0	100	42
1028	194	574	643427	0.0	0.35847598	Merger	89258056.0	100	42
