Subfind_ID	t-t_merg	q	Type	mass
75	0.0	4.6141605	Merger	587281660.0
15225	0.0	0.15256059	Merger	4749465600.0
15233	0.0	0.15924715	Merger	1099069600.0
25491	0.0	0.17329527	Merger	795625500000.0
35545	0.0	0.6689662	Merger	323383100.0
50691	0.0	4.159198	Merger	7711324000.0
61603	0.0	0.1806864	Merger	197569400.0
64906	0.0	0.2119161	Merger	39972848000.0
73505	0.0	0.28852585	Merger	20459272000.0
97273	0.0	0.1692616	Merger	445486100.0
99770	0.0	0.5205592	Merger	176403220000.0
115253	0.0	0.14003052	Merger	25008058000.0
141031	0.0	0.22613408	Merger	104956330000.0
141033	0.0	0.14934082	Merger	247126400.0
154788	0.0	0.14326607	Merger	119253960.0
170167	0.0	0.23377886	Merger	1720590100.0
179028	0.0	0.36403105	Merger	59889193000.0
193404	0.0	0.17787448	Merger	26521979000.0
198415	0.0	0.16242461	Merger	604639740.0
201743	0.0	0.5457378	Merger	32382327000.0
210132	0.0	0.21436363	Merger	716751550.0
221822	0.0	0.204115	Merger	18492258000.0
224793	0.0	0.17785417	Merger	98900264.0
239720	0.0	1.3366555	Merger	1687760900.0
244859	0.0	0.19758609	Merger	307200580.0
245339	0.0	0.19672331	Merger	24836573000.0
248247	0.0	0.8976943	Merger	226772880.0
248909	0.0	0.18051082	Merger	2502313200.0
249989	0.0	0.3004712	Merger	22414481000.0
250255	0.0	0.7618951	Merger	208466220.0
253256	0.0	0.19960251	Merger	369401920.0
257435	0.0	0.11334629	Merger	5650100000.0
269025	0.0	0.13042721	Merger	1536771700.0
294656	0.0	0.20231423	Merger	106733240.0
295705	0.0	1.0266112	Merger	95898010.0
299984	0.0	0.22588167	Merger	7884255000.0
305919	0.0	0.24153236	Merger	3710669000.0
310399	0.0	2.1758547	Merger	530715460.0
325819	0.0	0.16353291	Merger	184965620.0
333400	0.0	0.22506686	Merger	209682510.0
341967	0.0	0.6280903	Merger	883054400.0
345152	0.0	0.35676807	Merger	110773070.0
345317	0.0	1.6002628	Merger	320065630.0
354864	0.0	1.1268753	Merger	106337930.0
372322	0.0	0.113362335	Merger	101044184.0
373590	0.0	0.11600052	Merger	2634672600.0
379616	0.0	2.1808903	Merger	3400064800.0
380233	0.0	0.112723365	Merger	1513814500.0
385872	0.0	0.48893628	Merger	97503190.0
387697	0.0	0.38839367	Merger	619143040.0
391060	0.0	0.637539	Merger	586773250.0
392339	0.0	1.477585	Merger	170330580.0
401547	0.0	0.19191784	Merger	1048297000.0
403083	0.0	1.3197467	Merger	755808200.0
403472	0.0	0.3370236	Merger	1776265000.0
404113	0.0	0.5793457	Merger	595723100.0
409900	0.0	0.31250015	Merger	212621040.0
412428	0.0	2.0272098	Merger	840863360.0
413284	0.0	0.1661087	Merger	453167230.0
414679	0.0	0.16113555	Merger	1547767200.0
415538	0.0	0.65324414	Merger	778322940.0
416344	0.0	1.1308498	Merger	1517478300.0
419453	0.0	0.12174676	Merger	784303000.0
420125	0.0	0.11109035	Merger	197491120.0
424780	0.0	0.8938359	Merger	469665180.0
425137	0.0	0.48057014	Merger	208958400.0
431116	0.0	1.3936089	Merger	794528200.0
433591	0.0	0.13893016	Merger	902534460.0
435883	0.0	0.3139868	Merger	730952200.0
436700	0.0	0.7689978	Merger	664336260.0
440934	0.0	1.3349234	Merger	557852540.0
445911	0.0	0.13165677	Merger	632589060.0
451324	0.0	0.112151854	Merger	127613940.0
453831	0.0	0.37414727	Merger	755354200.0
460110	0.0	0.24412087	Merger	609187600.0
463576	0.0	0.343465	Merger	293466500.0
464877	0.0	0.39089292	Merger	628903740.0
473258	0.0	1.3547547	Merger	281342240.0
475929	0.0	0.32158998	Merger	347022500.0
481961	0.0	0.13206409	Merger	117259464.0
487774	0.0	0.3478384	Merger	121214380.0
488080	0.0	0.21934457	Merger	95972190.0
489539	0.0	0.21317615	Merger	335685280.0
489997	0.0	0.124978065	Merger	277954000.0
492638	0.0	0.7675634	Merger	258273710.0
498292	0.0	0.4693734	Merger	504121800.0
499889	0.0	0.14211707	Merger	238241540.0
502087	0.0	0.19993882	Merger	144945390.0
502387	0.0	0.4353905	Merger	86294264.0
505931	0.0	0.11032482	Merger	183103680.0
505955	0.0	0.24231747	Merger	338664540.0
506718	0.0	0.32826436	Merger	277208830.0
506924	0.0	0.71791786	Merger	486800130.0
507698	0.0	0.38832483	Merger	241665500.0
510990	0.0	0.79246056	Merger	127320910.0
512582	0.0	0.121779725	Merger	273798200.0
513806	0.0	0.1387505	Merger	225719580.0
514641	0.0	0.15448141	Merger	182306450.0
518723	0.0	1.2024115	Merger	269355900.0
530151	0.0	0.822437	Merger	268590560.0
530316	0.0	0.24557236	Merger	208366750.0
532667	0.0	0.22922622	Merger	160543410.0
534049	0.0	0.11011034	Merger	216398400.0
540178	0.0	0.117977075	Merger	246411600.0
541081	0.0	1.7748163	Merger	122827210.0
543772	0.0	0.9873944	Merger	107281784.0
547248	0.0	0.12875633	Merger	290633730.0
549210	0.0	0.34504932	Merger	89365416.0
553186	0.0	0.4696012	Merger	238109470.0
553550	0.0	0.40852064	Merger	170012290.0
553934	0.0	0.3729699	Merger	93805970.0
556929	0.0	0.10291903	Merger	102630870.0
558199	0.0	0.17352174	Merger	128373630.0
561686	0.0	0.4460983	Merger	105967750.0
567300	0.0	0.25759727	Merger	167885760.0
569479	0.0	0.12385012	Merger	105038490.0
569545	0.0	0.4142789	Merger	114538200.0
573661	0.0	1.2813714	Merger	84377790.0
575584	0.0	0.14847732	Merger	134586500.0
577345	0.0	0.10230835	Merger	111556650.0
579765	0.0	0.14655294	Merger	142341810.0
582803	0.0	0.1315437	Merger	116157176.0
582939	0.0	0.71216965	Merger	131439180.0
590088	0.0	0.1706559	Merger	174825250.0
590862	0.0	0.16183415	Merger	86916720.0
601868	0.0	0.34914395	Merger	121366740.0
605448	0.0	0.27000144	Merger	88120290.0
623224	0.0	0.12671709	Merger	94537760.0
636207	0.0	0.681413	Merger	100931256.0
