Subfind_ID	t-t_merg	q	Type	mass
276	-0.16863068999999875	4.6141605	first_progenitor	290808.97
30	-0.16863068999999875	4.6141605	next_progenitor	640510800.0
9254	-0.16863068999999875	0.15256059	first_progenitor	0.0
9347	-0.16863068999999875	0.15256059	next_progenitor	0.0
417058	-0.16863068999999875	0.15924715	first_progenitor	0.0
417059	-0.16863068999999875	0.15924715	next_progenitor	0.0
19503	-0.16863068999999875	0.17329527	first_progenitor	0.0
19505	-0.16863068999999875	0.17329527	next_progenitor	0.0
36215	-0.16863068999999875	0.6689662	first_progenitor	51981.207
36681	-0.16863068999999875	0.6689662	next_progenitor	0.0
82014	-0.16863068999999875	4.159198	first_progenitor	0.0
81996	-0.16863068999999875	4.159198	next_progenitor	0.0
52237	-0.16863068999999875	0.1806864	first_progenitor	0.0
54368	-0.16863068999999875	0.1806864	next_progenitor	0.0
199722	-0.16863068999999875	0.2119161	first_progenitor	284028.88
199723	-0.16863068999999875	0.2119161	next_progenitor	545101.8
61340	-0.16863068999999875	0.28852585	first_progenitor	0.0
61343	-0.16863068999999875	0.28852585	next_progenitor	0.0
451941	-0.16863068999999875	0.1692616	first_progenitor	58651.29
451949	-0.16863068999999875	0.1692616	next_progenitor	0.0
88903	-0.16863068999999875	0.5205592	first_progenitor	0.0
88906	-0.16863068999999875	0.5205592	next_progenitor	0.0
103495	-0.16863068999999875	0.14003052	first_progenitor	0.0
103501	-0.16863068999999875	0.14003052	next_progenitor	0.0
125105	-0.16863068999999875	0.22613408	first_progenitor	0.0
125107	-0.16863068999999875	0.22613408	next_progenitor	972986.6
125108	-0.16863068999999875	0.14934082	first_progenitor	41383.56
125365	-0.16863068999999875	0.14934082	next_progenitor	0.0
565852	-0.16863068999999875	0.14326607	first_progenitor	0.0
565859	-0.16863068999999875	0.14326607	next_progenitor	0.0
155304	-0.16863068999999875	0.23377886	first_progenitor	0.0
155319	-0.16863068999999875	0.23377886	next_progenitor	0.0
167732	-0.16863068999999875	0.36403105	first_progenitor	0.0
167733	-0.16863068999999875	0.36403105	next_progenitor	0.0
179558	-0.16863068999999875	0.17787448	first_progenitor	0.0
179561	-0.16863068999999875	0.17787448	next_progenitor	0.0
178904	-0.16863068999999875	0.16242461	first_progenitor	0.0
178922	-0.16863068999999875	0.16242461	next_progenitor	75671.586
181798	-0.16863068999999875	0.5457378	first_progenitor	0.0
181801	-0.16863068999999875	0.5457378	next_progenitor	56795.008
192078	-0.16863068999999875	0.21436363	first_progenitor	0.0
192093	-0.16863068999999875	0.21436363	next_progenitor	0.0
207875	-0.16863068999999875	0.204115	first_progenitor	0.0
207878	-0.16863068999999875	0.204115	next_progenitor	0.0
198384	-0.16863068999999875	0.17785417	first_progenitor	0.0
198584	-0.16863068999999875	0.17785417	next_progenitor	0.0
247345	-0.16863068999999875	1.3366555	first_progenitor	0.0
247340	-0.16863068999999875	1.3366555	next_progenitor	0.0
220178	-0.16863068999999875	0.19758609	first_progenitor	8790785.0
220280	-0.16863068999999875	0.19758609	next_progenitor	0.0
226426	-0.16863068999999875	0.19672331	first_progenitor	0.0
226427	-0.16863068999999875	0.19672331	next_progenitor	0.0
231492	-0.16863068999999875	0.8976943	first_progenitor	0.0
511246	-0.16863068999999875	0.8976943	next_progenitor	199081.77
249938	-0.16863068999999875	0.18051082	first_progenitor	0.0
249945	-0.16863068999999875	0.18051082	next_progenitor	0.0
233562	-0.16863068999999875	0.3004712	first_progenitor	0.0
233563	-0.16863068999999875	0.3004712	next_progenitor	0.0
507940	-0.16863068999999875	0.7618951	first_progenitor	0.0
490588	-0.16863068999999875	0.7618951	next_progenitor	0.0
292729	-0.16863068999999875	0.19960251	first_progenitor	0.0
292777	-0.16863068999999875	0.19960251	next_progenitor	0.0
310875	-0.16863068999999875	0.11334629	first_progenitor	0.0
310888	-0.16863068999999875	0.11334629	next_progenitor	405253.0
253067	-0.16863068999999875	0.13042721	first_progenitor	0.0
253074	-0.16863068999999875	0.13042721	next_progenitor	0.0
284924	-0.16863068999999875	0.20231423	first_progenitor	0.0
284935	-0.16863068999999875	0.20231423	next_progenitor	64824.934
453913	-0.16863068999999875	1.0266112	first_progenitor	0.0
320211	-0.16863068999999875	1.0266112	next_progenitor	0.0
282724	-0.16863068999999875	0.22588167	first_progenitor	454155.75
282725	-0.16863068999999875	0.22588167	next_progenitor	1328607.5
289299	-0.16863068999999875	0.24153236	first_progenitor	0.0
289303	-0.16863068999999875	0.24153236	next_progenitor	0.0
415179	-0.16863068999999875	2.1758547	first_progenitor	0.0
415177	-0.16863068999999875	2.1758547	next_progenitor	0.0
396924	-0.16863068999999875	0.16353291	first_progenitor	0.0
396953	-0.16863068999999875	0.16353291	next_progenitor	0.0
336755	-0.16863068999999875	0.22506686	first_progenitor	0.0
336800	-0.16863068999999875	0.22506686	next_progenitor	0.0
328113	-0.16863068999999875	0.6280903	first_progenitor	0.0
320343	-0.16863068999999875	0.6280903	next_progenitor	0.0
325095	-0.16863068999999875	0.35676807	first_progenitor	0.0
325135	-0.16863068999999875	0.35676807	next_progenitor	0.0
325404	-0.16863068999999875	1.6002628	first_progenitor	21785214.0
325385	-0.16863068999999875	1.6002628	next_progenitor	0.0
407313	-0.16863068999999875	1.1268753	first_progenitor	0.0
407309	-0.16863068999999875	1.1268753	next_progenitor	0.0
360281	-0.16863068999999875	0.113362335	first_progenitor	0.0
360287	-0.16863068999999875	0.113362335	next_progenitor	0.0
355375	-0.16863068999999875	0.11600052	first_progenitor	0.0
355377	-0.16863068999999875	0.11600052	next_progenitor	0.0
359158	-0.16863068999999875	2.1808903	first_progenitor	0.0
359157	-0.16863068999999875	2.1808903	next_progenitor	0.0
369172	-0.16863068999999875	0.112723365	first_progenitor	0.0
369184	-0.16863068999999875	0.112723365	next_progenitor	0.0
370889	-0.16863068999999875	0.48893628	first_progenitor	0.0
370892	-0.16863068999999875	0.48893628	next_progenitor	0.0
373597	-0.16863068999999875	0.38839367	first_progenitor	0.0
373599	-0.16863068999999875	0.38839367	next_progenitor	0.0
428416	-0.16863068999999875	0.637539	first_progenitor	0.0
428420	-0.16863068999999875	0.637539	next_progenitor	0.0
390846	-0.16863068999999875	1.477585	first_progenitor	0.0
402802	-0.16863068999999875	1.477585	next_progenitor	0.0
383651	-0.16863068999999875	0.19191784	first_progenitor	0.0
383656	-0.16863068999999875	0.19191784	next_progenitor	0.0
386575	-0.16863068999999875	1.3197467	first_progenitor	0.0
386574	-0.16863068999999875	1.3197467	next_progenitor	0.0
382503	-0.16863068999999875	0.3370236	first_progenitor	0.0
382504	-0.16863068999999875	0.3370236	next_progenitor	0.0
383224	-0.16863068999999875	0.5793457	first_progenitor	0.0
371233	-0.16863068999999875	0.5793457	next_progenitor	0.0
447813	-0.16863068999999875	0.31250015	first_progenitor	0.0
447818	-0.16863068999999875	0.31250015	next_progenitor	0.0
401075	-0.16863068999999875	2.0272098	first_progenitor	0.0
401074	-0.16863068999999875	2.0272098	next_progenitor	0.0
419255	-0.16863068999999875	0.1661087	first_progenitor	0.0
419267	-0.16863068999999875	0.1661087	next_progenitor	35978.09
399508	-0.16863068999999875	0.16113555	first_progenitor	0.0
399514	-0.16863068999999875	0.16113555	next_progenitor	0.0
408746	-0.16863068999999875	0.65324414	first_progenitor	0.0
397400	-0.16863068999999875	0.65324414	next_progenitor	0.0
397857	-0.16863068999999875	1.1308498	first_progenitor	0.0
397856	-0.16863068999999875	1.1308498	next_progenitor	0.0
403163	-0.16863068999999875	0.12174676	first_progenitor	1824154.0
403168	-0.16863068999999875	0.12174676	next_progenitor	0.0
406533	-0.16863068999999875	0.11109035	first_progenitor	0.0
406539	-0.16863068999999875	0.11109035	next_progenitor	0.0
414660	-0.16863068999999875	0.8938359	first_progenitor	0.0
414662	-0.16863068999999875	0.8938359	next_progenitor	0.0
479058	-0.16863068999999875	0.48057014	first_progenitor	407298.4
464060	-0.16863068999999875	0.48057014	next_progenitor	0.0
416485	-0.16863068999999875	1.3936089	first_progenitor	0.0
416484	-0.16863068999999875	1.3936089	next_progenitor	0.0
419074	-0.16863068999999875	0.13893016	first_progenitor	0.0
419075	-0.16863068999999875	0.13893016	next_progenitor	0.0
422443	-0.16863068999999875	0.3139868	first_progenitor	0.0
422445	-0.16863068999999875	0.3139868	next_progenitor	0.0
419732	-0.16863068999999875	0.7689978	first_progenitor	0.0
419731	-0.16863068999999875	0.7689978	next_progenitor	0.0
421681	-0.16863068999999875	1.3349234	first_progenitor	0.0
421679	-0.16863068999999875	1.3349234	next_progenitor	0.0
433954	-0.16863068999999875	0.13165677	first_progenitor	0.0
433957	-0.16863068999999875	0.13165677	next_progenitor	0.0
439516	-0.16863068999999875	0.112151854	first_progenitor	0.0
427301	-0.16863068999999875	0.112151854	next_progenitor	0.0
436840	-0.16863068999999875	0.37414727	first_progenitor	0.0
436842	-0.16863068999999875	0.37414727	next_progenitor	0.0
437922	-0.16863068999999875	0.24412087	first_progenitor	0.0
437927	-0.16863068999999875	0.24412087	next_progenitor	0.0
425899	-0.16863068999999875	0.343465	first_progenitor	0.0
425937	-0.16863068999999875	0.343465	next_progenitor	0.0
455330	-0.16863068999999875	0.39089292	first_progenitor	0.0
455331	-0.16863068999999875	0.39089292	next_progenitor	0.0
461164	-0.16863068999999875	1.3547547	first_progenitor	0.0
461162	-0.16863068999999875	1.3547547	next_progenitor	0.0
470894	-0.16863068999999875	0.32158998	first_progenitor	0.0
470895	-0.16863068999999875	0.32158998	next_progenitor	0.0
474885	-0.16863068999999875	0.13206409	first_progenitor	5061537.0
474903	-0.16863068999999875	0.13206409	next_progenitor	0.0
483174	-0.16863068999999875	0.3478384	first_progenitor	0.0
483176	-0.16863068999999875	0.3478384	next_progenitor	0.0
481094	-0.16863068999999875	0.21934457	first_progenitor	0.0
481101	-0.16863068999999875	0.21934457	next_progenitor	0.0
481559	-0.16863068999999875	0.21317615	first_progenitor	0.0
481570	-0.16863068999999875	0.21317615	next_progenitor	0.0
473467	-0.16863068999999875	0.124978065	first_progenitor	0.0
473474	-0.16863068999999875	0.124978065	next_progenitor	100243496.0
476430	-0.16863068999999875	0.7675634	first_progenitor	0.0
476431	-0.16863068999999875	0.7675634	next_progenitor	0.0
480506	-0.16863068999999875	0.4693734	first_progenitor	406700.5
480508	-0.16863068999999875	0.4693734	next_progenitor	366342.53
478073	-0.16863068999999875	0.14211707	first_progenitor	0.0
478079	-0.16863068999999875	0.14211707	next_progenitor	340003400.0
423821	-0.16863068999999875	0.19993882	first_progenitor	0.0
423840	-0.16863068999999875	0.19993882	next_progenitor	0.0
491050	-0.16863068999999875	0.4353905	first_progenitor	0.0
491052	-0.16863068999999875	0.4353905	next_progenitor	0.0
495016	-0.16863068999999875	0.11032482	first_progenitor	0.0
495019	-0.16863068999999875	0.11032482	next_progenitor	0.0
496281	-0.16863068999999875	0.24231747	first_progenitor	83513.69
496282	-0.16863068999999875	0.24231747	next_progenitor	0.0
499799	-0.16863068999999875	0.32826436	first_progenitor	0.0
499800	-0.16863068999999875	0.32826436	next_progenitor	0.0
492844	-0.16863068999999875	0.71791786	first_progenitor	74477.14
492845	-0.16863068999999875	0.71791786	next_progenitor	0.0
504508	-0.16863068999999875	0.38832483	first_progenitor	12573769.0
504516	-0.16863068999999875	0.38832483	next_progenitor	1098995.8
505916	-0.16863068999999875	0.79246056	first_progenitor	0.0
497074	-0.16863068999999875	0.79246056	next_progenitor	0.0
498364	-0.16863068999999875	0.121779725	first_progenitor	0.0
498366	-0.16863068999999875	0.121779725	next_progenitor	722697.56
495976	-0.16863068999999875	0.1387505	first_progenitor	214314.69
495990	-0.16863068999999875	0.1387505	next_progenitor	0.0
504853	-0.16863068999999875	0.15448141	first_progenitor	410280770.0
504866	-0.16863068999999875	0.15448141	next_progenitor	0.0
511704	-0.16863068999999875	1.2024115	first_progenitor	0.0
511705	-0.16863068999999875	1.2024115	next_progenitor	0.0
521464	-0.16863068999999875	0.822437	first_progenitor	0.0
521463	-0.16863068999999875	0.822437	next_progenitor	0.0
512155	-0.16863068999999875	0.24557236	first_progenitor	0.0
512159	-0.16863068999999875	0.24557236	next_progenitor	0.0
517774	-0.16863068999999875	0.22922622	first_progenitor	0.0
517777	-0.16863068999999875	0.22922622	next_progenitor	0.0
518649	-0.16863068999999875	0.11011034	first_progenitor	0.0
518657	-0.16863068999999875	0.11011034	next_progenitor	0.0
522576	-0.16863068999999875	0.117977075	first_progenitor	0.0
522579	-0.16863068999999875	0.117977075	next_progenitor	0.0
562293	-0.16863068999999875	1.7748163	first_progenitor	0.0
549641	-0.16863068999999875	1.7748163	next_progenitor	31029.883
536658	-0.16863068999999875	0.9873944	first_progenitor	0.0
536656	-0.16863068999999875	0.9873944	next_progenitor	0.0
534611	-0.16863068999999875	0.12875633	first_progenitor	0.0
534612	-0.16863068999999875	0.12875633	next_progenitor	0.0
530973	-0.16863068999999875	0.34504932	first_progenitor	254118.86
530977	-0.16863068999999875	0.34504932	next_progenitor	101409.3
540771	-0.16863068999999875	0.4696012	first_progenitor	0.0
540773	-0.16863068999999875	0.4696012	next_progenitor	0.0
541907	-0.16863068999999875	0.40852064	first_progenitor	223389470.0
541917	-0.16863068999999875	0.40852064	next_progenitor	0.0
542331	-0.16863068999999875	0.3729699	first_progenitor	0.0
542344	-0.16863068999999875	0.3729699	next_progenitor	0.0
543388	-0.16863068999999875	0.10291903	first_progenitor	35406.2
543396	-0.16863068999999875	0.10291903	next_progenitor	53749.406
543739	-0.16863068999999875	0.17352174	first_progenitor	0.0
543751	-0.16863068999999875	0.17352174	next_progenitor	0.0
543455	-0.16863068999999875	0.4460983	first_progenitor	0.0
543458	-0.16863068999999875	0.4460983	next_progenitor	0.0
551250	-0.16863068999999875	0.25759727	first_progenitor	0.0
551252	-0.16863068999999875	0.25759727	next_progenitor	0.0
556365	-0.16863068999999875	0.12385012	first_progenitor	0.0
556370	-0.16863068999999875	0.12385012	next_progenitor	0.0
558014	-0.16863068999999875	0.4142789	first_progenitor	138926.23
558015	-0.16863068999999875	0.4142789	next_progenitor	0.0
569509	-0.16863068999999875	1.2813714	first_progenitor	0.0
569507	-0.16863068999999875	1.2813714	next_progenitor	563142.3
565395	-0.16863068999999875	0.14847732	first_progenitor	0.0
565403	-0.16863068999999875	0.14847732	next_progenitor	0.0
552696	-0.16863068999999875	0.10230835	first_progenitor	38914664.0
552698	-0.16863068999999875	0.10230835	next_progenitor	513917.78
592733	-0.16863068999999875	0.14655294	first_progenitor	43768.17
592734	-0.16863068999999875	0.14655294	next_progenitor	84595.32
576138	-0.16863068999999875	0.1315437	first_progenitor	0.0
576144	-0.16863068999999875	0.1315437	next_progenitor	292144.2
567713	-0.16863068999999875	0.71216965	first_progenitor	0.0
558537	-0.16863068999999875	0.71216965	next_progenitor	0.0
590849	-0.16863068999999875	0.1706559	first_progenitor	0.0
590850	-0.16863068999999875	0.1706559	next_progenitor	0.0
577156	-0.16863068999999875	0.16183415	first_progenitor	0.0
577162	-0.16863068999999875	0.16183415	next_progenitor	0.0
582601	-0.16863068999999875	0.34914395	first_progenitor	0.0
582602	-0.16863068999999875	0.34914395	next_progenitor	0.0
588242	-0.16863068999999875	0.27000144	first_progenitor	0.0
588244	-0.16863068999999875	0.27000144	next_progenitor	0.0
605241	-0.16863068999999875	0.12671709	first_progenitor	0.0
605246	-0.16863068999999875	0.12671709	next_progenitor	0.0
622147	-0.16863068999999875	0.681413	first_progenitor	0.0
622149	-0.16863068999999875	0.681413	next_progenitor	0.0
