Subfind_ID	t-t_merg	q	Type	mass
36234	0.20873006999999966	0.3112746	Descendant	0.0
36236	0.20873006999999966	0.499631	Descendant	0.0
36283	0.20873006999999966	0.27397263	Descendant	0.0
51932	0.20873006999999966	0.9771884	Descendant	0.0
62930	0.20873006999999966	0.20964043	Descendant	0.0
87010	0.20873006999999966	0.1962944	Descendant	0.0
93692	0.20873006999999966	0.18924344	Descendant	0.0
110115	0.20873006999999966	0.3237371	Descendant	0.0
119693	0.20873006999999966	0.3496266	Descendant	0.0
124040	0.20873006999999966	0.12302632	Descendant	0.0
129305	0.20873006999999966	0.10994748	Descendant	0.0
131688	0.20873006999999966	0.19535846	Descendant	0.0
135955	0.20873006999999966	0.12304584	Descendant	0.0
145449	0.20873006999999966	1.7282249	Descendant	0.0
148468	0.20873006999999966	0.33161518	Descendant	0.0
170096	0.20873006999999966	0.25907567	Descendant	0.0
194873	0.20873006999999966	0.12228801	Descendant	0.0
209243	0.20873006999999966	0.18434177	Descendant	0.0
209744	0.20873006999999966	0.12612018	Descendant	0.0
209747	0.20873006999999966	0.15488842	Descendant	0.0
211064	0.20873006999999966	0.10931617	Descendant	0.0
216961	0.20873006999999966	0.1902847	Descendant	0.0
228634	0.20873006999999966	0.10618934	Descendant	0.0
232108	0.20873006999999966	1.364449	Descendant	0.0
239266	0.20873006999999966	0.45839697	Descendant	0.0
243550	0.20873006999999966	0.91189003	Descendant	580287.3
245230	0.20873006999999966	0.18603656	Descendant	0.0
248318	0.20873006999999966	0.18298434	Descendant	59185.973
251038	0.20873006999999966	0.10514393	Descendant	0.0
254268	0.20873006999999966	0.15732001	Descendant	0.0
258667	0.20873006999999966	0.26592377	Descendant	0.0
263790	0.20873006999999966	1.1993265	Descendant	91345.92
264649	0.20873006999999966	0.12759413	Descendant	0.0
264939	0.20873006999999966	0.13111281	Descendant	0.0
277203	0.20873006999999966	0.123949915	Descendant	164823.17
285250	0.20873006999999966	0.34894148	Descendant	0.0
289514	0.20873006999999966	0.15609479	Descendant	0.0
297404	0.20873006999999966	0.21792197	Descendant	53983.72
299098	0.20873006999999966	0.17056915	Descendant	0.0
300277	0.20873006999999966	0.33070457	Descendant	0.0
305537	0.20873006999999966	0.20462835	Descendant	8432668.0
305994	0.20873006999999966	0.20142743	Descendant	83397.19
310743	0.20873006999999966	0.25512925	Descendant	0.0
319900	0.20873006999999966	1.6898873	Descendant	0.0
320765	0.20873006999999966	0.1743372	Descendant	0.0
329990	0.20873006999999966	0.19508575	Descendant	0.0
338413	0.20873006999999966	0.4193866	Descendant	0.0
340254	0.20873006999999966	0.8818441	Descendant	0.0
342238	0.20873006999999966	0.5891442	Descendant	0.0
345169	0.20873006999999966	0.12284843	Descendant	0.0
348021	0.20873006999999966	0.13677979	Descendant	0.0
348287	0.20873006999999966	0.121467374	Descendant	0.0
349396	0.20873006999999966	0.106311925	Descendant	0.0
349693	0.20873006999999966	0.92234474	Descendant	5606865.0
351420	0.20873006999999966	0.10090378	Descendant	0.0
357887	0.20873006999999966	0.6730737	Descendant	0.0
358243	0.20873006999999966	0.27623236	Descendant	0.0
359205	0.20873006999999966	2.137522	Descendant	0.0
359377	0.20873006999999966	0.34710985	Descendant	49089.95
361371	0.20873006999999966	0.1715607	Descendant	0.0
361373	0.20873006999999966	0.304044	Descendant	0.0
367077	0.20873006999999966	0.20716451	Descendant	0.0
367801	0.20873006999999966	0.20991519	Descendant	0.0
371407	0.20873006999999966	0.36653578	Descendant	0.0
373959	0.20873006999999966	0.12755492	Descendant	0.0
377273	0.20873006999999966	0.2966957	Descendant	0.0
380915	0.20873006999999966	0.13471341	Descendant	0.0
385417	0.20873006999999966	0.21035483	Descendant	32665.021
389280	0.20873006999999966	0.12278054	Descendant	0.0
393931	0.20873006999999966	0.14966528	Descendant	0.0
395368	0.20873006999999966	0.2314243	Descendant	0.0
398268	0.20873006999999966	0.18531519	Descendant	0.0
400120	0.20873006999999966	0.14012626	Descendant	0.0
411684	0.20873006999999966	0.6683658	Descendant	0.0
412395	0.20873006999999966	0.104935706	Descendant	104524.76
416690	0.20873006999999966	0.1592413	Descendant	32607.846
417255	0.20873006999999966	1.779519	Descendant	0.0
419280	0.20873006999999966	0.1379102	Descendant	0.0
419411	0.20873006999999966	0.31789747	Descendant	0.0
421727	0.20873006999999966	0.30084386	Descendant	0.0
422120	0.20873006999999966	0.24486148	Descendant	0.0
423389	0.20873006999999966	0.42719904	Descendant	0.0
428113	0.20873006999999966	0.14058603	Descendant	0.0
431521	0.20873006999999966	0.14110288	Descendant	0.0
434122	0.20873006999999966	0.10546916	Descendant	0.0
435037	0.20873006999999966	0.19450654	Descendant	0.0
437412	0.20873006999999966	0.11758917	Descendant	0.0
438862	0.20873006999999966	0.13966557	Descendant	42153.8
441236	0.20873006999999966	0.1232325	Descendant	37381.8
445318	0.20873006999999966	0.43834287	Descendant	0.0
447350	0.20873006999999966	0.23553684	Descendant	0.0
449003	0.20873006999999966	0.24607287	Descendant	0.0
451708	0.20873006999999966	0.13916825	Descendant	614226.4
453693	0.20873006999999966	0.3399892	Descendant	0.0
457772	0.20873006999999966	1.1147344	Descendant	35004.71
458419	0.20873006999999966	0.23276214	Descendant	44100.688
459185	0.20873006999999966	0.1592425	Descendant	0.0
465275	0.20873006999999966	0.31052902	Descendant	0.0
465618	0.20873006999999966	0.21070938	Descendant	0.0
465852	0.20873006999999966	1.2430859	Descendant	69471.36
468521	0.20873006999999966	0.1450235	Descendant	0.0
470567	0.20873006999999966	0.6234078	Descendant	0.0
471718	0.20873006999999966	0.14378628	Descendant	0.0
472297	0.20873006999999966	0.103302464	Descendant	0.0
473988	0.20873006999999966	0.3177242	Descendant	0.0
477221	0.20873006999999966	0.19719967	Descendant	0.0
477794	0.20873006999999966	0.27735662	Descendant	51793108.0
479533	0.20873006999999966	1.1931145	Descendant	0.0
480635	0.20873006999999966	0.15065676	Descendant	0.0
481428	0.20873006999999966	0.11519471	Descendant	0.0
481852	0.20873006999999966	0.26534256	Descendant	0.0
488529	0.20873006999999966	0.18670641	Descendant	0.0
488738	0.20873006999999966	0.14915949	Descendant	0.0
488980	0.20873006999999966	0.13093546	Descendant	0.0
491147	0.20873006999999966	0.18617281	Descendant	0.0
491236	0.20873006999999966	0.23133402	Descendant	0.0
492615	0.20873006999999966	0.43874428	Descendant	0.0
493700	0.20873006999999966	0.7573882	Descendant	0.0
501055	0.20873006999999966	0.104026385	Descendant	0.0
502194	0.20873006999999966	0.11171324	Descendant	0.0
502591	0.20873006999999966	0.13715789	Descendant	0.0
502664	0.20873006999999966	0.1892301	Descendant	0.0
503988	0.20873006999999966	0.1422506	Descendant	0.0
507396	0.20873006999999966	1.3632048	Descendant	0.0
507936	0.20873006999999966	0.111633755	Descendant	0.0
509252	0.20873006999999966	1.3324414	Descendant	368044.66
510232	0.20873006999999966	0.12387163	Descendant	0.0
512555	0.20873006999999966	0.16981152	Descendant	0.0
513232	0.20873006999999966	0.3025548	Descendant	0.0
519340	0.20873006999999966	0.52832747	Descendant	0.0
520656	0.20873006999999966	0.4801045	Descendant	0.0
525180	0.20873006999999966	0.39109913	Descendant	0.0
526900	0.20873006999999966	0.909106	Descendant	0.0
526934	0.20873006999999966	0.11378027	Descendant	0.0
528947	0.20873006999999966	0.36683553	Descendant	0.0
534003	0.20873006999999966	0.33233514	Descendant	57251720.0
537172	0.20873006999999966	1.4748527	Descendant	0.0
544171	0.20873006999999966	0.9124366	Descendant	0.0
544447	0.20873006999999966	0.33198568	Descendant	0.0
544890	0.20873006999999966	0.37827352	Descendant	0.0
549564	0.20873006999999966	0.36457115	Descendant	0.0
553198	0.20873006999999966	0.25911918	Descendant	89823.33
554974	0.20873006999999966	0.61507195	Descendant	0.0
559935	0.20873006999999966	0.16624472	Descendant	0.0
561654	0.20873006999999966	0.28638574	Descendant	254922910.0
562315	0.20873006999999966	0.38459486	Descendant	0.0
564874	0.20873006999999966	0.37812522	Descendant	0.0
569116	0.20873006999999966	0.20024844	Descendant	277864800.0
570267	0.20873006999999966	0.10569192	Descendant	0.0
573270	0.20873006999999966	0.11944988	Descendant	0.0
574283	0.20873006999999966	0.16512273	Descendant	294110.94
576370	0.20873006999999966	0.4214224	Descendant	0.0
579023	0.20873006999999966	0.3582318	Descendant	0.0
579953	0.20873006999999966	0.14653285	Descendant	788696.75
582283	0.20873006999999966	0.19689098	Descendant	0.0
585965	0.20873006999999966	0.8099288	Descendant	0.0
589235	0.20873006999999966	0.13303964	Descendant	0.0
590493	0.20873006999999966	0.242384	Descendant	0.0
592543	0.20873006999999966	0.25763866	Descendant	371231.66
595949	0.20873006999999966	1.2524371	Descendant	0.0
602327	0.20873006999999966	0.11109475	Descendant	0.0
610361	0.20873006999999966	0.19646882	Descendant	0.0
614871	0.20873006999999966	0.4783235	Descendant	35204080.0
616147	0.20873006999999966	0.28354266	Descendant	3185719.8
619151	0.20873006999999966	0.26282763	Descendant	0.0
