	Subfind_ID	t-t_merg	q	Type	mass	int_type	center	SFR	num_mergers_in_last_2Gyr	N	r_1	r_2
811	83411	0.4566314200000008	0.16246451	Descendant	327463520.0	1000	25	0.39823768	0	152	54.984074536250986	71.32816491744842
812	151054	0.4566314200000008	1.3257928	Descendant	2465051600.0	1000	25	4.5272317	0	60	421.79710336654375	430.2041346744471
813	162250	0.4566314200000008	0.1078966	Descendant	1023148860.0	1000	25	0.98063123	0	65	50.00876326054443	533.3098402514779
814	183287	0.4566314200000008	0.28108606	Descendant	1957717400.0	1000	25	3.011631	0	25	161.7900089272179	210.5535563844458
815	247647	0.4566314200000008	0.24870792	Descendant	129411850.0	1000	25	0.3354158	0	753	7.773534396392265	33.3258534515703
816	252343	0.4566314200000008	0.23731184	Descendant	200290930.0	1000	25	0.19026345	0	183	48.11824470858753	145.85007295457186
817	298186	0.4566314200000008	0.111643605	Descendant	386440480.0	1000	25	0.31884015	1	193	155.70264246695666	349.8573140584737
818	12	0.3332997600000009	0.1530182	Descendant	1336723300.0	1000	25	1.097737	0	149	26.689712045344443	98.09687174525773
819	157670	0.3332997600000009	0.17773592	Descendant	1012195260.0	1000	25	1.4679571	1	308	44.03714090204372	348.6131397219723
820	184864	0.3332997600000009	0.19910753	Descendant	106205250.0	1000	25	0.15332474	0	445	1.6392043284258784	18.112133500864335
821	200115	0.3332997600000009	0.11745986	Descendant	671244300.0	1000	25	0.8892469	0	71	14.81306444615834	263.65115489765105
822	301950	0.3332997600000009	0.21271916	Descendant	192486670.0	1000	25	0.16357447	0	69	89.08412001995524	123.54867287343876
823	0	0.2011067200000003	0.21248615	Descendant	242739360000.0	1000	25	6.9052386	1	1	73.85943928896816	3722.476159513816
824	223778	0.2011067200000003	0.25863802	Descendant	786140500.0	1000	25	0.879274	1	66	271.03301506013753	272.0318993716512
825	244827	0.2011067200000003	0.6477513	Descendant	88553520.0	1000	25	0.056610458	0	401	32.329400996713865	48.905507465888945
826	6	0.0	0.18052757	Merger	3092484900.0	100	25	2.6430488	1	83	31.848671502925313	50.520478668059674
827	3775	0.0	0.14097875	Merger	656737700.0	100	25	1.5870112	1	420	58.72947828626871	70.58523220828695
828	14289	0.0	0.14637028	Merger	1805607300.0	100	25	0.45073462	1	193	80.58707348040842	90.5486211265235
829	16025	0.0	0.16037801	Merger	5764514000.0	100	25	17.95734	1	77	20.27572808026339	35.25584237375862
830	23051	0.0	0.31254873	Merger	1460009600.0	100	25	3.5033212	2	253	34.0838732034937	90.0138580173802
831	43126	0.0	1.3900845	Merger	14159419000.0	100	25	25.484745	1	16	176.4393520043726	206.61492430367346
832	46841	0.0	0.2254813	Merger	117009280.0	100	25	0.18818323	1	478	15.861773217431482	66.530410656941
833	48060	0.0	0.23099722	Merger	43050410000.0	100	25	251.53934	2	10	594.2221957915988	700.2423540569264
834	50816	0.0	0.15167029	Merger	142675790.0	100	25	0.19734558	1	812	6.597148003508634	53.490358066343646
835	53451	0.0	0.10471741	Merger	266880140.0	100	25	0.525726	1	411	10.095000978571779	34.25251677925239
836	63778	0.0	0.1471149	Merger	8056882000.0	100	25	5.9136033	1	17	37.37816657214104	45.200178775949404
837	66259	0.0	0.15434968	Merger	930933300.0	100	25	3.782407	1	284	13.245152613084832	184.8878239871266
838	67900	0.0	0.10068208	Merger	230854500.0	100	25	0.20841973	1	482	46.21611859933211	53.599089877809774
839	68207	0.0	0.17901386	Merger	125034840.0	100	25	0.090814695	1	382	53.85164855172776	64.67363400720333
840	69879	0.0	0.23457092	Merger	136763950.0	100	25	0.1871722	1	534	47.755597637636455	51.99634915684117
841	71226	0.0	0.4351082	Merger	482912740.0	100	25	0.8107773	1	213	4.33368697609193	19.596092706327564
842	77430	0.0	0.10217561	Merger	162259970.0	100	25	0.25576967	1	473	55.41167736572925	66.38045165124572
843	78343	0.0	0.18276112	Merger	1794710700.0	100	25	2.590159	1	49	121.4913361980626	414.32836288810256
844	81903	0.0	0.4112539	Merger	14577192000.0	100	25	14.336187	1	27	821.0873376219879	883.7100279479974
845	82730	0.0	0.10104523	Merger	4227715000.0	100	25	4.9623566	1	57	126.5206303375834	273.73391957181036
846	86962	0.0	0.11656878	Merger	7731684400.0	100	25	13.67312	1	39	397.40731755041526	593.4636436544183
847	88407	0.0	1.872777	Merger	99547790.0	100	25	0.10587933	1	481	26.765480488954985	33.50859858234301
848	91773	0.0	0.5002165	Merger	9486129000.0	100	25	12.64392	1	17	825.7404574168645	1347.4319066478515
849	92872	0.0	0.10405947	Merger	310703360.0	100	25	0.14494976	1	388	14.82691013262037	71.45033844544677
850	94385	0.0	0.14194053	Merger	3715425500.0	100	25	9.769608	1	25	26.46442566192584	429.6833535373563
851	95351	0.0	0.11006746	Merger	11309315000.0	100	25	8.463089	1	18	503.6767418035248	860.3269543516635
852	96160	0.0	0.37679422	Merger	2771384800.0	100	25	5.0493555	1	39	21.86536993923998	82.21125544388536
853	96564	0.0	4.7230744	Merger	510675650.0	100	25	1.2791004	1	359	18.75418530908637	22.665579900889483
854	96566	0.0	1.8637723	Merger	292508400.0	100	25	0.47023803	2	483	48.77536305594404	64.94248421898669
855	104876	0.0	0.2052285	Merger	8329522700.0	100	25	13.421901	1	12	531.6520279171743	788.4223519088143
856	109385	0.0	0.23027903	Merger	587781950.0	100	25	0.6877204	1	136	54.23386571462008	60.07455232209634
857	109702	0.0	0.11485369	Merger	168288340.0	100	25	0.89163196	1	262	9.740431766686253	9.984116364082707
858	110781	0.0	0.27830973	Merger	154172860.0	100	25	0.35887152	1	347	32.83860667959745	76.2824584754084
859	112870	0.0	0.21062277	Merger	4189149700.0	100	25	7.1797614	1	19	259.48502178899986	337.87970254689264
860	114113	0.0	1.7138388	Merger	828118100.0	100	25	0.6691558	1	54	46.516062830653524	48.1395164579529
861	118835	0.0	0.17643285	Merger	316645000.0	100	25	1.1861343	1	225	8.014359745121148	9.751505877051898
862	119531	0.0	0.26498756	Merger	1680036400.0	100	25	2.5704503	1	70	30.784402534734337	197.17871773808446
863	121343	0.0	0.26700786	Merger	1125792400.0	100	25	2.1631746	1	65	40.14473016060666	79.24945252869774
864	122303	0.0	0.3031645	Merger	4273938000.0	100	25	6.0302753	1	44	229.81508957079865	592.448533635851
865	122905	0.0	0.24380872	Merger	2230212900.0	100	25	2.668452	1	61	112.36991836315599	237.8368469807469
866	123733	0.0	0.1345012	Merger	114586030.0	100	25	0.11035575	2	266	63.134044565614055	65.77750875990591
867	125779	0.0	0.20936437	Merger	4875632600.0	100	25	7.018514	1	25	398.2138381646357	468.2180978291436
868	127640	0.0	1.6216396	Merger	3380659500.0	100	25	8.736592	2	20	379.22014226723627	500.00799886571986
869	129676	0.0	0.26314297	Merger	107308610.0	100	25	0.14103289	1	591	56.97631018229312	57.1140202780272
870	130716	0.0	0.16794685	Merger	1008687000.0	100	25	1.4606537	1	68	54.63988698202558	143.94085143583033
871	131975	0.0	0.120614484	Merger	4650941000.0	100	25	7.2132154	1	20	594.9384957558881	1002.3285245133433
872	137488	0.0	1.6888064	Merger	2448070000.0	100	25	6.035586	1	43	247.41885762584567	372.0612933151866
873	138615	0.0	0.11627343	Merger	153380380.0	100	25	0.42973715	1	258	27.482528693105316	88.10920192591537
874	139600	0.0	0.2941051	Merger	111736936.0	100	25	0.123649225	1	250	59.61088188086054	84.28540228653385
875	140119	0.0	0.35903212	Merger	4203275300.0	100	25	6.5689273	1	72	150.83101804438965	273.43780551727764
876	143956	0.0	0.18136962	Merger	143765100.0	100	25	0.1737813	1	580	26.04732369731425	55.05415463240041
877	146003	0.0	0.12462425	Merger	1371182000.0	100	25	2.0701528	1	127	37.98324777341882	128.70023332260604
878	150446	0.0	0.14819129	Merger	193154860.0	100	25	0.30396867	1	124	69.9539183099091	128.35946765626034
879	151216	0.0	0.17584036	Merger	957047600.0	100	25	0.89114535	1	153	72.52932877452785	202.33491582952539
880	151967	0.0	0.23969544	Merger	112221096.0	100	25	0.14786725	1	424	40.13322158800768	44.33006708940284
881	152827	0.0	1.8930933	Merger	2920734700.0	100	25	5.745071	1	9	303.33093004173196	313.0582560437778
882	153085	0.0	0.3882045	Merger	88192776.0	100	25	0.12218951	2	179	55.51232106387445	68.13938950107372
883	154845	0.0	0.31512386	Merger	157392780.0	100	25	0.36541522	1	286	4.384338170418109	77.71586603793276
884	155649	0.0	0.6410389	Merger	190432450.0	100	25	0.29811656	1	202	10.741536573701465	13.69410406896928
885	156060	0.0	0.135961	Merger	96623736.0	100	25	0.18724743	1	376	56.63166129129103	57.17275507562539
886	157934	0.0	0.110294916	Merger	1000970430.0	100	25	1.4396896	1	38	30.867679322409472	650.4770254240126
887	158688	0.0	1.2394814	Merger	2402449700.0	100	25	4.035434	1	18	978.9657678911872	1014.144734820198
888	159082	0.0	0.12710132	Merger	623276740.0	100	25	1.6756045	1	40	20.363192594345414	44.99039387062515
889	159914	0.0	0.45619166	Merger	196686400.0	100	25	0.42740834	4	117	92.61540022970426	113.57786277356226
890	161870	0.0	0.26707548	Merger	1907808500.0	100	25	3.370244	1	40	249.58806731463145	577.0623666495964
891	162658	0.0	0.148258	Merger	1344854900.0	100	25	2.6244202	1	108	14.900984743251739	143.29966460351244
892	166943	0.0	0.7659359	Merger	1777398300.0	100	25	3.483329	1	90	147.8623323298867	153.5585999401962
893	167499	0.0	0.24616474	Merger	1366520700.0	100	25	1.4045267	1	137	34.45218129091119	169.20184461542144
894	168936	0.0	1.1354026	Merger	418455900.0	100	25	0.920894	1	33	166.7106664825326	180.92268718275733
895	170147	0.0	1.2973534	Merger	151678130.0	100	25	0.4658007	1	207	3.7851145828852064	116.57025772616527
896	170675	0.0	0.16696198	Merger	183675660.0	100	25	0.2912518	2	182	9.609797748075648	50.73292848327378
897	171790	0.0	0.21416385	Merger	236108530.0	100	25	0.19708724	1	237	54.988724333410204	140.55795517108805
898	171893	0.0	0.121618636	Merger	1047922200.0	100	25	1.515348	1	29	173.87325013398814	175.3693611384543
899	173959	0.0	0.15090634	Merger	883661000.0	100	25	0.9869688	1	114	35.605944238627664	242.93366377670552
900	175181	0.0	0.15135047	Merger	171770290.0	100	25	0.25748357	1	185	27.484239459178628	77.42344333132007
901	178361	0.0	0.14869802	Merger	938624200.0	100	25	2.0640209	1	106	5.425830757170609	193.86187674212178
902	180375	0.0	0.10097866	Merger	93098130.0	100	25	0.10815279	1	103	26.431889658964142	182.72276258372264
903	180674	0.0	0.111668095	Merger	173776770.0	100	25	0.29050544	1	212	28.912046729875094	102.9975219231773
904	181153	0.0	0.2541645	Merger	949980800.0	100	25	1.3137589	1	270	106.2732835760852	188.2049828553289
905	182117	0.0	0.13592926	Merger	97194240.0	100	25	0.06233376	2	501	44.166858635046374	94.47120638529832
906	182724	0.0	0.5064679	Merger	635386200.0	100	25	1.5981519	1	81	9.461515913564746	61.70043650787723
907	183388	0.0	0.15331781	Merger	134848350.0	100	25	0.1539574	1	371	45.166287472080434	51.861447135980434
908	183794	0.0	0.20043735	Merger	883297340.0	100	25	0.9357318	1	140	48.71946049238794	202.06028759583552
909	186958	0.0	0.28601024	Merger	570462660.0	100	25	0.71685237	2	174	193.83020988751514	402.902264948453
910	187869	0.0	0.63996524	Merger	148392750.0	100	25	0.23767339	1	271	90.26378965366915	134.41218812193745
911	189054	0.0	0.13857807	Merger	1466720300.0	100	25	2.8928888	1	70	115.69664744983672	121.35450171879592
912	190353	0.0	0.13863094	Merger	1110807300.0	100	25	2.0574276	1	127	224.5072029099591	254.31176140719714
913	190527	0.0	1.1392553	Merger	536013760.0	100	25	0.9058696	1	449	68.15946443082697	150.19493967879527
914	190960	0.0	0.14038394	Merger	128606720.0	100	25	0.13796742	1	218	30.228799130241303	200.5956734811944
915	191751	0.0	0.10659368	Merger	833442800.0	100	25	1.2818365	2	71	57.45409463106648	479.06408813207645
916	193672	0.0	0.66790134	Merger	668600260.0	100	25	1.1213306	1	69	13.004256834910619	197.73334180776473
917	194430	0.0	0.11711525	Merger	224792350.0	100	25	0.38858515	1	107	60.18357366925743	144.71149981485235
918	195155	0.0	0.216	Merger	568789760.0	100	25	1.3142929	1	476	17.87732170017892	168.92125331851767
919	195846	0.0	1.2976574	Merger	576544500.0	100	25	1.0045573	2	134	185.95782277968232	280.8654927265431
920	197124	0.0	0.12420095	Merger	135868160.0	100	25	0.27449042	1	107	10.695977475546702	27.441583942789062
921	198772	0.0	0.3322875	Merger	566568260.0	100	25	0.45338765	1	137	17.758596030487293	26.222228200291156
922	199040	0.0	0.663857	Merger	222403260.0	100	25	0.97087777	1	503	18.942182006772597	112.44907586309328
923	199635	0.0	1.7737268	Merger	84298510.0	100	25	0.11653638	3	598	70.1873547267338	82.782085894394
924	202363	0.0	0.16939956	Merger	931402100.0	100	25	1.4015945	1	147	6.4856455839625236	153.5585999401962
925	203348	0.0	1.6561875	Merger	472492800.0	100	25	1.1574	1	126	10.361777700697877	154.46643423210662
926	204630	0.0	0.23469207	Merger	299795140.0	100	25	0.5106828	2	140	10.421161125194422	42.13925049277063
927	206531	0.0	0.13228987	Merger	340812960.0	100	25	0.34642476	1	25	10.019786449943282	71.51386622654826
928	206722	0.0	0.19088477	Merger	179926980.0	100	25	0.45926818	1	146	60.15770082668439	81.97428605648764
929	207595	0.0	0.15855859	Merger	92900330.0	100	25	0.13521338	1	361	42.73203758557244	74.56147910305712
930	207946	0.0	0.46113208	Merger	101090090.0	100	25	0.2565169	1	320	10.918909327059579	104.65289060423056
931	211095	0.0	0.12500502	Merger	525638850.0	100	25	1.0700337	1	198	278.846458043467	305.41142184246974
932	213636	0.0	0.20152031	Merger	155665840.0	100	25	0.13618262	1	296	31.508855894217557	40.684320961951606
933	214747	0.0	0.42751923	Merger	638390100.0	100	25	0.91153395	1	127	136.9324695483644	279.1717549073849
934	216404	0.0	2.3204222	Merger	187078900.0	100	25	0.5160791	1	335	13.942065622233207	66.64315875179211
935	216732	0.0	0.10017593	Merger	271187840.0	100	25	0.44268987	1	226	12.103662331907763	60.49235776983113
936	220005	0.0	0.14554709	Merger	782800500.0	100	25	0.7747103	1	98	128.16723149767742	162.8829066637248
937	220943	0.0	1.1045957	Merger	279905900.0	100	25	0.34216312	1	314	76.26666259871476	180.07299970041814
938	227182	0.0	0.22217253	Merger	370459000.0	100	25	0.62691665	1	90	22.41962840600288	88.13425606026671
939	227556	0.0	0.18108578	Merger	629536830.0	100	25	0.74121493	2	146	148.31517945752879	385.0110199817652
940	228309	0.0	0.22928634	Merger	298130200.0	100	25	0.3311871	1	252	52.952192497625056	167.7246386308699
941	229460	0.0	0.19373934	Merger	790141600.0	100	25	0.69088084	2	138	192.65793407579105	315.0502178304621
942	231541	0.0	0.102941915	Merger	91568210.0	100	25	0.22212854	1	227	4.592437586649697	9.332878012199245
943	231943	0.0	0.640998	Merger	158688370.0	100	25	0.105272815	1	635	28.533442912910207	31.776998898605957
944	232415	0.0	0.20420034	Merger	552195900.0	100	25	0.62108654	1	47	111.59178462388468	718.7830892866592
945	233374	0.0	0.1585778	Merger	563337400.0	100	25	0.3461701	1	88	202.44434576498483	218.8661648311537
946	234080	0.0	0.31770042	Merger	457493920.0	100	25	1.0233617	1	49	278.0528377354821	305.17187435281147
947	235090	0.0	0.18717492	Merger	249962400.0	100	25	0.3680873	1	193	9.627808423907542	135.09563020547168
948	237151	0.0	2.745114	Merger	545602100.0	100	25	0.75605416	1	193	143.86889122111975	368.8852159294767
949	237693	0.0	0.11938784	Merger	497489000.0	100	25	0.7194835	1	157	143.1319751913803	350.2328104267211
950	238472	0.0	0.431082	Merger	334966560.0	100	25	0.37910262	1	168	6.404113239237035	195.16589273396315
951	239578	0.0	0.39536113	Merger	660765900.0	100	25	0.9831524	1	178	339.1706492730163	365.7929081918738
952	240864	0.0	0.2383081	Merger	192211000.0	100	25	0.15911172	1	456	25.962642871662755	37.33652201550002
953	242017	0.0	0.16467953	Merger	406572960.0	100	25	0.511707	2	150	409.03697785701456	410.6038557133486
954	242254	0.0	0.123061545	Merger	273479940.0	100	25	0.2152613	1	213	9.95493793065272	54.64279468527943
955	244549	0.0	0.1929002	Merger	556034560.0	100	25	0.52601093	1	426	176.85597544767933	189.13039431257275
956	245089	0.0	0.1008663	Merger	229274670.0	100	25	0.22172752	1	211	28.187983576102187	36.39575347333967
957	245417	0.0	0.33666167	Merger	90321736.0	100	25	0.14956628	3	501	14.445327308818596	54.376315677837496
958	247482	0.0	0.10869529	Merger	321776640.0	100	25	0.2961344	2	292	6.045595176213491	16.6826725915355
959	248886	0.0	0.10858229	Merger	243397490.0	100	25	0.47859406	2	331	35.156027335424724	353.2180516567001
960	249195	0.0	0.21058689	Merger	448258500.0	100	25	0.18227431	1	116	319.8212310616012	390.05583924711306
961	250255	0.0	0.11608957	Merger	650186560.0	100	25	0.7508182	2	142	80.53230615684288	97.5082229904426
962	252164	0.0	0.2940593	Merger	194736530.0	100	25	0.25975263	2	174	10.264820314254461	21.247412567646283
963	252470	0.0	0.6951208	Merger	149476780.0	100	25	0.245172	2	238	26.039035188005446	93.78047501277136
964	254354	0.0	0.15842693	Merger	348299400.0	100	25	0.5810524	1	228	259.4609132305573	299.56781166568464
965	258178	0.0	0.13628685	Merger	177075980.0	100	25	0.28373832	1	53	35.12012093471849	69.89206599569054
966	258701	0.0	0.22886819	Merger	186290080.0	100	25	0.2861071	1	179	24.45053443568535	222.18400607167985
967	259465	0.0	0.36048818	Merger	449111140.0	100	25	0.25418514	1	343	119.44504422353545	179.9121655677392
968	260532	0.0	0.14334668	Merger	106876680.0	100	25	0.16521767	1	865	77.00420589939833	79.47356490387442
969	261369	0.0	0.13468796	Merger	333193300.0	100	25	0.3973512	1	182	214.58382953251416	240.06411255549
970	261664	0.0	0.10175965	Merger	426405950.0	100	25	0.43275404	1	356	237.69537112319054	304.8471545373543
971	261793	0.0	0.10262107	Merger	190090160.0	100	25	0.24372564	1	171	18.651474767164782	151.1503891467383
972	262132	0.0	0.24679022	Merger	456622900.0	100	25	0.6301974	1	249	133.02184051123578	162.92172774426598
973	263849	0.0	0.13673912	Merger	204227060.0	100	25	0.20845377	1	46	10.778170619146154	238.3261118357
974	264454	0.0	0.177404	Merger	250783540.0	100	25	0.60297334	1	128	157.49742868821681	239.7377956653234
975	265149	0.0	0.74452525	Merger	377907970.0	100	25	0.4187829	2	165	220.5041518754169	224.75432313167775
976	265192	0.0	0.29249743	Merger	201162660.0	100	25	0.46039855	1	239	141.92848253931925	189.8245100333294
977	265592	0.0	0.21550736	Merger	582982700.0	100	25	0.57998425	1	127	163.59216400506511	310.8312612266838
978	266616	0.0	0.26108658	Merger	92622550.0	100	25	0.070048265	1	610	28.09644444653841	40.692869063647464
979	267099	0.0	1.1863158	Merger	101108360.0	100	25	0.14694776	1	606	9.729024206417526	16.548611047667332
980	267310	0.0	0.12372177	Merger	152139060.0	100	25	0.19644238	1	450	56.53514605514198	62.215430906176685
981	268836	0.0	0.17214556	Merger	427633150.0	100	25	0.4853232	1	217	85.61905173903286	190.0801913506523
982	269618	0.0	0.11739192	Merger	191332430.0	100	25	0.35042214	1	149	79.07611466376116	205.48417843962903
983	269891	0.0	0.15108621	Merger	164472770.0	100	25	0.49704885	1	245	162.98147418059193	372.92512475378174
984	271590	0.0	0.8025882	Merger	353337500.0	100	25	0.56041104	2	132	12.067209068811025	324.45037028221293
985	271915	0.0	0.10364651	Merger	187353400.0	100	25	0.16804692	1	313	32.94206510821334	94.5106902085218
986	271916	0.0	0.10208341	Merger	91772110.0	100	25	0.11792703	2	441	32.94206510821334	89.82527683723487
987	273828	0.0	0.12190589	Merger	269283040.0	100	25	0.290023	1	238	38.09120651532017	206.13064998612018
988	275229	0.0	0.49413303	Merger	331525630.0	100	25	0.3722173	1	157	197.5952342747461	251.13713357651952
989	275766	0.0	0.5939524	Merger	161613780.0	100	25	0.32249063	1	367	101.82239727408195	173.08637987952085
990	279773	0.0	0.6055632	Merger	192319520.0	100	25	0.35840896	2	291	138.15635055948127	153.72972608424428
991	280730	0.0	0.19249088	Merger	172183870.0	100	25	0.4667097	2	29	3.6220249256440167	6.912188419300696
992	284215	0.0	0.17781428	Merger	197111000.0	100	25	0.31918487	1	115	80.10847248794771	83.27864113172349
993	284313	0.0	0.1269045	Merger	104968776.0	100	25	0.19622476	1	789	18.56611263377285	62.889623037716085
994	286515	0.0	0.7963758	Merger	360823000.0	100	25	0.45336273	1	137	152.31240049671987	172.63284730916587
995	288843	0.0	2.9397902	Merger	182009010.0	100	25	0.225297	1	230	29.87742256068563	371.6225076847762
996	289276	0.0	0.40004316	Merger	183148210.0	100	25	0.3068888	1	799	9.178301978885289	14.127585241312499
997	290528	0.0	0.18338947	Merger	111821496.0	100	25	0.2020463	1	297	11.129524512637563	95.11217361991301
998	293617	0.0	0.19632594	Merger	601765500.0	100	25	0.56023306	2	69	137.6835688009988	342.6602050437366
999	293633	0.0	0.12912442	Merger	317223780.0	100	25	0.29693133	2	186	267.25088364664754	276.692977235485
1000	296441	0.0	0.10413918	Merger	361669570.0	100	25	0.67881393	1	387	65.08946340970328	90.31006739051108
1001	296724	0.0	0.38646582	Merger	251025900.0	100	25	0.57097197	1	314	478.98111832889293	648.5474791231297
1002	297316	0.0	0.29882148	Merger	253542220.0	100	25	0.28295845	1	526	73.08553569213169	77.6207631355605
1003	297546	0.0	0.34543207	Merger	166468480.0	100	25	0.23294488	1	368	104.5857732043216	118.75741612044469
1004	297938	0.0	0.45884302	Merger	128342984.0	100	25	0.26966447	1	56	595.9349347764636	635.7801236036238
1005	299159	0.0	0.1515984	Merger	211422690.0	100	25	0.36970896	1	325	105.57336310651664	107.0080482999057
1006	300562	0.0	0.24913345	Merger	311021760.0	100	25	0.5726218	1	369	138.26191103804373	164.82515575194142
1007	301437	0.0	0.28031924	Merger	169520100.0	100	25	0.2610807	1	478	12.35711392780635	148.83061088998278
1008	301998	0.0	0.2234362	Merger	245938380.0	100	25	0.27925548	1	319	256.3138009307631	522.61025211947
1009	302689	0.0	2.4619067	Merger	164157260.0	100	25	0.17555514	1	460	13.762176705075838	265.5332437406365
1010	303394	0.0	0.34577388	Merger	267655730.0	100	25	0.47796524	1	197	128.59947163838547	285.0361036847667
1011	303531	0.0	0.13459583	Merger	157665650.0	100	25	0.35617718	2	159	243.66548952548388	371.38076148049953
1012	305116	0.0	0.21874365	Merger	129535416.0	100	25	0.16499063	1	553	27.056320568374403	65.2293353387568
1013	307628	0.0	0.2472841	Merger	94886936.0	100	25	0.14075977	1	208	61.67522106166644	75.33233270689064
1014	307963	0.0	0.5655022	Merger	111150680.0	100	25	0.25486282	1	552	4.42093268159755	15.282179098326473
1015	308211	0.0	0.19313513	Merger	365744540.0	100	25	0.19043389	1	98	143.84521969890835	146.86528784418877
1016	308455	0.0	0.2742717	Merger	132034170.0	100	25	0.17230475	1	238	23.336281913132257	202.46465319125852
1017	308536	0.0	0.34245846	Merger	142027310.0	100	25	0.49507415	1	127	434.1840998419724	510.7734049053534
1018	308831	0.0	0.2587769	Merger	214915100.0	100	25	0.26580808	1	429	247.36530175532755	272.2139484032851
1019	310356	0.0	0.13240795	Merger	270958270.0	100	25	0.14571054	2	171	92.90835782489512	95.11217361991301
1020	310525	0.0	0.67380804	Merger	125038340.0	100	25	0.19537434	1	372	18.445299159749894	111.48783354042959
1021	311092	0.0	0.10363687	Merger	109209820.0	100	25	0.16465114	1	630	6.3048340929600535	137.51575068099618
1022	312104	0.0	0.94692487	Merger	124172030.0	100	25	0.2242228	2	310	21.969761183596667	276.9695506157128
1023	313343	0.0	1.5287199	Merger	87401760.0	100	25	0.18006827	1	177	40.04039073155389	111.67999556491567
1024	313723	0.0	0.43404514	Merger	194359140.0	100	25	0.27982616	2	151	104.46774492590461	172.9604440047401
1025	314720	0.0	0.15553115	Merger	162141980.0	100	25	0.360321	2	368	37.26147365549421	237.91645201533473
1026	314820	0.0	0.122576065	Merger	168946640.0	100	25	0.15653802	1	276	278.63387654120146	376.36114554417907
1027	315186	0.0	0.15433528	Merger	211079820.0	100	25	0.3679288	1	537	103.08079524876207	109.25661012297432
1028	315358	0.0	0.5474615	Merger	97607840.0	100	25	0.09472854	1	1076	41.65267569941459	190.14080237826096
1029	316675	0.0	0.11031736	Merger	152084940.0	100	25	0.19467582	2	214	15.788384549416515	115.39193113788946
1030	317406	0.0	0.51771176	Merger	122841580.0	100	25	0.16278723	1	326	159.0064319924516	186.95589125568372
1031	317657	0.0	0.13823321	Merger	241043730.0	100	25	0.41354907	2	238	171.73335290379313	232.4317936185872
1032	321535	0.0	0.13804618	Merger	133370820.0	100	25	0.22385263	1	306	73.87317990530143	205.23518022771987
1033	321658	0.0	0.33156675	Merger	100493544.0	100	25	0.14753047	1	458	17.854241371565433	139.55341505972166
1034	322615	0.0	0.22385974	Merger	232941540.0	100	25	0.18252002	1	339	134.91965009244174	269.37252972390723
1035	324013	0.0	0.10593862	Merger	177360660.0	100	25	0.26125956	1	279	92.8300222343487	184.88431706798247
1036	324858	0.0	0.41741252	Merger	147145390.0	100	25	0.15475173	1	227	14.306221260706167	265.2013341392662
1037	327008	0.0	0.27425903	Merger	151351420.0	100	25	0.12925933	1	273	10.332427814577255	343.883273869417
1038	328987	0.0	0.1217314	Merger	174842460.0	100	25	0.42537785	2	563	242.53096195463354	243.59614822586286
1039	332265	0.0	1.3234713	Merger	97940360.0	100	25	0.25877172	2	328	79.98094530727516	139.8614750472528
1040	332290	0.0	1.126601	Merger	147566500.0	100	25	0.2668055	1	352	259.923099917068	374.3214997615892
1041	333079	0.0	0.1155481	Merger	134604670.0	100	25	0.2716737	2	440	73.29940382393458	120.86054223940293
1042	335443	0.0	1.2353296	Merger	117089120.0	100	25	0.43368524	1	233	190.17590535006798	191.6116574129552
1043	336508	0.0	1.5391768	Merger	97072344.0	100	25	0.26846176	3	239	3.942522713292018	160.18956023137432
1044	338220	0.0	0.1605601	Merger	136698660.0	100	25	0.154165	1	482	112.2219342101242	469.87541822783277
1045	338787	0.0	0.1120719	Merger	142971170.0	100	25	0.121293455	1	247	24.692630268133257	146.92802946719797
1046	341701	0.0	0.13139728	Merger	203521490.0	100	25	0.24828225	1	295	165.7070064054489	207.1196173218889
1047	341720	0.0	1.4762993	Merger	199500540.0	100	25	0.2906388	1	159	71.19720400098639	88.40965670069339
1048	342903	0.0	0.2538154	Merger	91658740.0	100	25	0.07610532	2	493	208.0171773373013	208.21162495588797
1049	343899	0.0	0.7420841	Merger	98262410.0	100	25	0.16749386	1	233	50.975619549218216	337.02947726381143
1050	345193	0.0	0.18419616	Merger	99096664.0	100	25	0.07372774	1	730	7.207912678667285	154.92596750003835
1051	347897	0.0	2.1773908	Merger	104334400.0	100	25	0.12535156	1	204	76.36282938900982	181.6911116683773
1052	347956	0.0	0.13085458	Merger	93958420.0	100	25	0.09398552	1	819	4.618384238791495	254.08451614149735
1053	348684	0.0	0.82574874	Merger	146227400.0	100	25	0.18163052	1	670	146.98064796989794	175.43102409025508
1054	349384	0.0	0.5250805	Merger	88700220.0	100	25	0.17124555	3	271	573.738341505852	576.7058861334607
1055	350690	0.0	0.81740505	Merger	86135220.0	100	25	0.113909185	1	341	149.3536378252343	222.07897420357384
1056	352350	0.0	1.3974615	Merger	101636180.0	100	25	0.16977519	2	488	195.01903593699276	241.14789001751154
1057	354253	0.0	0.14229007	Merger	93980216.0	100	25	0.089104876	2	489	10.688495172450569	107.21612751871396
1058	354406	0.0	1.1224169	Merger	129752376.0	100	25	0.3278143	3	445	164.0607214301582	315.5448249917966
1059	355583	0.0	0.20994073	Merger	161498960.0	100	25	0.14520976	1	282	146.35642716605332	160.82231315230197
1060	360369	0.0	0.20682064	Merger	199335410.0	100	25	0.22631216	2	319	79.23015339301286	92.18399083329261
1061	360932	0.0	1.2005204	Merger	111882180.0	100	25	0.17280647	1	384	233.70293749751667	272.9413384173274
1062	361894	0.0	0.19879156	Merger	201649330.0	100	25	0.16799146	1	354	220.23686796080648	252.1814378416834
1063	362615	0.0	0.11670196	Merger	89408760.0	100	25	0.13757639	1	120	357.82544995397484	911.2900264629272
1064	363580	0.0	0.14847723	Merger	157020140.0	100	25	0.1310229	1	151	99.1913465929135	171.33033175475515
1065	364581	0.0	0.14950709	Merger	112042024.0	100	25	0.18261003	1	55	72.9053034291811	82.59899688524384
1066	365910	0.0	0.25424397	Merger	103731200.0	100	25	0.23060219	1	481	49.34832584689763	95.83169607122505
1067	366761	0.0	0.538509	Merger	96768280.0	100	25	0.15342297	1	373	216.7983156379761	278.2677641999438
1068	366816	0.0	1.0560364	Merger	88838640.0	100	25	0.21808274	1	244	303.24380681989214	478.72314035016274
1069	366952	0.0	0.54087085	Merger	110093310.0	100	25	0.09494462	1	431	110.83108638046832	124.28917363451599
1070	369578	0.0	1.2607481	Merger	123856744.0	100	25	0.14294565	2	335	94.0944449751784	95.44463409139459
1071	370221	0.0	0.15915097	Merger	104990770.0	100	25	0.17179936	1	159	715.6939548508325	800.7543610399649
1072	370332	0.0	0.40380424	Merger	155114930.0	100	25	0.13221937	1	457	67.4498001949975	202.57770688540865
1073	373907	0.0	0.2404394	Merger	99641864.0	100	25	0.11919026	1	257	71.68259424282894	74.00157144084967
1074	374542	0.0	0.106805354	Merger	107005900.0	100	25	0.22493689	2	450	85.93307831917048	368.3885298127187
1075	375214	0.0	0.14545748	Merger	126204510.0	100	25	0.12728678	1	275	96.08542659621307	145.5192548447622
1076	375412	0.0	0.10274777	Merger	132445064.0	100	25	0.22713119	1	302	254.89142386525228	431.0260153135518
1077	379087	0.0	0.1483736	Merger	99494490.0	100	25	0.14123173	1	320	191.32547955098187	251.98091223826327
1078	379155	0.0	0.15124674	Merger	104280540.0	100	25	0.12465078	2	357	124.7659488183339	153.83901603267523
1079	379432	0.0	0.21492939	Merger	146909200.0	100	25	0.07201105	1	28	184.55458065004535	216.14722103630808
1080	379736	0.0	0.23685534	Merger	96269360.0	100	25	0.16968241	1	561	93.44921140854437	185.8805920920609
1081	380417	0.0	0.5802124	Merger	92461140.0	100	25	0.14150132	1	431	117.84096050755434	155.87220419988137
1082	381833	0.0	0.21712486	Merger	126773590.0	100	25	0.12384694	1	214	119.04031131123398	121.19827658615283
1083	381977	0.0	1.4971352	Merger	99031340.0	100	25	0.25561392	4	444	226.77437582870235	275.23188089121857
1084	390040	0.0	0.12855053	Merger	87000020.0	100	25	0.13170922	1	477	185.22471258022193	194.90772703657146
1085	396323	0.0	0.19097617	Merger	107891210.0	100	25	0.11852205	1	376	162.38905543901063	221.6310123252994
1086	399500	0.0	0.19105625	Merger	102884310.0	100	25	0.084385484	1	595	221.92677994429303	238.63026420834643
1087	402916	0.0	0.65713954	Merger	85016470.0	100	25	0.13921042	1	240	145.14578758509126	186.77091312735067
1088	405501	0.0	0.13339023	Merger	96604360.0	100	25	0.12669782	2	361	127.36408000004587	171.85498034331573
1089	405971	0.0	0.15540408	Merger	88607410.0	100	25	0.101166554	1	489	138.06558916654348	266.08766155813584
1090	407154	0.0	0.12944825	Merger	119703360.0	100	25	0.08469493	2	431	51.17737002011665	74.15582489223124
1091	407833	0.0	0.80294734	Merger	94944700.0	100	25	0.09317275	1	475	82.00572866101734	108.72040096257193
1092	410871	0.0	0.20630324	Merger	107854150.0	100	25	0.13986464	1	653	105.2854330307906	106.6166980548223
1093	420082	0.0	0.13969454	Merger	119403040.0	100	25	0.10437267	1	352	437.38115062948356	470.8442898599318
1094	420992	0.0	0.18767819	Merger	84253384.0	100	25	0.08591536	2	868	63.58666948858245	74.05010821306628
1095	429152	0.0	0.17940658	Merger	114014456.0	100	25	0.12389505	1	764	112.43376383366326	117.877801132275
1096	11	-0.0922975299999997	0.27874482	first_progenitor	304146620.0	1	25	1.1984882	0	376	32.98955422126055	46.30503883963583
1097	282807	-0.0922975299999997	0.111080945	first_progenitor	151461010.0	1	25	0.10556458	0	639	55.331458345200026	95.43045612429425
1098	111207	-0.0922975299999997	0.44042534	next_progenitor	106272264.0	10	25	0.07621534	0	340	50.5860498923494	64.34705529226227
1099	224346	-0.0922975299999997	0.18067083	first_progenitor	335362370.0	1	25	0.55596644	0	316	7.992601456010921	205.12915970159804
1100	177534	-0.0922975299999997	0.13679393	next_progenitor	96173940.0	10	25	0.0923533	0	355	1.9717577553600696	7.090552620069582
1101	236772	-0.0922975299999997	0.35465196	next_progenitor	161446130.0	10	25	0.0763168	0	115	24.973123821851374	39.371047092612486
1102	243414	-0.0922975299999997	0.29405993	next_progenitor	337335040.0	10	25	0.58331645	0	27	12.442957798961025	242.9992940435234
1103	273527	-0.0922975299999997	0.16074477	next_progenitor	356668740.0	10	25	0.40284723	0	105	117.57567568426113	143.71626525095016
1104	346521	-0.0922975299999997	0.77979904	next_progenitor	241674540.0	10	25	0.209483	0	172	79.55709020174358	149.98177562535597
1105	316296	-0.0922975299999997	0.14395694	next_progenitor	223626080.0	10	25	0.27027112	0	107	406.00004185558544	462.1887074490456
1106	330909	-0.0922975299999997	0.89101964	next_progenitor	110797760.0	10	25	0.18719731	0	151	80.43231062723618	116.0680104825733
1107	167615	-0.2380519000000003	0.9972101	first_progenitor	1528589400.0	1	25	2.767482	0	54	195.13816491692148	210.7764239260352
1108	320736	-0.2380519000000003	0.13953452	next_progenitor	214315180.0	10	25	0.15634578	0	282	128.2396403677452	214.4302382652075
1109	268163	-0.2380519000000003	0.109785825	first_progenitor	295493280.0	1	25	0.3981821	1	129	884.8901298826826	887.4715082542115
1110	259736	-0.2380519000000003	0.3647951	first_progenitor	390783550.0	1	25	0.4113572	0	94	10.670483743492355	119.4192813933369
1111	266191	-0.2380519000000003	0.10448921	next_progenitor	216570910.0	10	25	0.16506945	0	114	80.20160989131845	108.09435301347531
1112	290174	-0.2380519000000003	0.14327173	first_progenitor	452914460.0	1	25	0.36807838	0	352	70.52556394794837	94.94459282358653
1113	351214	-0.2380519000000003	0.23131427	first_progenitor	135123920.0	1	25	0.14230897	0	294	170.43071957751303	315.15846598936076
1114	289469	-0.393027889999999	0.30841434	next_progenitor	562552900.0	10	25	0.73871034	0	127	164.31997681516123	245.3867412153574
1115	255493	-0.393027889999999	0.13033357	first_progenitor	447366530.0	1	25	0.7368528	0	137	130.9741863347654	133.0417556294166
1116	242407	-0.393027889999999	1.2961161	next_progenitor	374780830.0	10	25	0.6134918	0	100	113.98798594281149	156.18888702046598
1117	272473	-0.393027889999999	0.6141687	first_progenitor	201859000.0	1	25	0.4159333	0	124	100.03114726070712	134.36824099043926
1118	323868	-0.393027889999999	0.19322132	first_progenitor	206115470.0	1	25	0.28913665	0	266	168.00401518640618	179.37605568884638
1119	303263	-0.393027889999999	0.17750974	first_progenitor	312402240.0	1	25	0.29882067	0	509	160.255285628064	305.7466518548088
