	Subfind_ID	t-t_merg	q	Type	mass	int_type	center	sfr	SFR	num_mergers_in_last_2Gyr	N	r_1	r_2
1120	180886	0.29340425	0.10074711	Descendant	1647148200.0	1100	26	2.889793	2.889793	1	112	12.980847831885523	240.79140936023785
1121	280730	0.0922975299999997	0.19249088	Descendant	220351650.0	1001	26	0.14829665	0.14829665	0	339	19.75359184949003	80.93724436183636
1122	289670	0.0	0.22406799	Merger	109690120.0	101	26	0.17275499	0.17275499	1	105	30.208253537836	66.8687540330018
1123	360002	0.0	0.89101964	Merger	142888670.0	110	26	0.22884469	0.22884469	1	275	136.83409979538496	147.67892085316322
1124	124663	-0.1457543700000005	1.4655358	first_progenitor	101371160.0	2	26	0.14778495	0.14778495	0	546	12.966964325175535	37.49969491614831
1125	12	0.4255972900000007	0.1530182	Descendant	1337470100.0	1000	26	1.883844	1.883844	0	156	14.16935893160078	22.200713603532588
1126	136577	0.4255972900000007	5.3786297	Descendant	291570660.0	1000	26	0.23757924	0.23757924	1	365	50.98683705262169	56.86979598086865
1127	214172	0.4255972900000007	0.202916	Descendant	138472460.0	1000	26	0.10166881	0.10166881	2	522	22.834159664124996	25.98966305025061
1128	248920	0.4255972900000007	0.20854817	Descendant	418593150.0	1000	26	0.4229348	0.4229348	0	84	190.77053815437046	332.97193811373836
1129	277493	0.4255972900000007	0.33521524	Descendant	138159070.0	1000	26	0.15920912	0.15920912	0	151	33.971893849111524	44.16048230065014
1130	0	0.29340425	0.21248615	Descendant	269572950000.0	1000	26	30.059408	30.059408	1	1	14.246910825275068	3673.0046027165336
1131	196055	0.29340425	0.15048908	Descendant	672800100.0	1000	26	0.6659455	0.6659455	0	116	69.074733392878	123.3729830037447
1132	225222	0.29340425	1.1211469	Descendant	1011381250.0	1000	26	1.17237	1.17237	0	45	466.5495778916277	528.7868797678836
1133	266189	0.29340425	0.112407714	Descendant	439126900.0	1000	26	0.723836	0.723836	1	332	81.90684112060201	127.37413453825549
1134	295094	0.29340425	0.5880145	Descendant	398715000.0	1000	26	0.30833384	0.30833384	0	34	82.05300602741153	110.3447105760232
1135	303546	0.29340425	0.11632871	Descendant	377845380.0	1000	26	0.4608199	0.4608199	0	166	112.24919466715599	289.3385716441734
1136	329824	0.29340425	0.8958044	Descendant	134526270.0	1000	26	0.11944087	0.11944087	1	318	9.993900719216839	146.61621634316555
1137	6	0.0922975299999997	0.18052757	Descendant	537740500.0	1000	26	1.5990338	1.5990338	0	286	116.15679950683516	158.164582447051
1138	139600	0.0922975299999997	0.2941051	Descendant	100939810.0	1000	26	0.08680082	0.08680082	0	267	35.36333520459223	49.857838703153035
1139	155649	0.0922975299999997	0.6410389	Descendant	4890233000.0	1000	26	4.743833	4.743833	0	65	532.3785824103238	595.4915563290982
1140	170147	0.0922975299999997	1.2973534	Descendant	3047811800.0	1000	26	3.5509908	3.5509908	0	32	187.1325045957554	427.4671658718053
1141	233374	0.0922975299999997	0.1585778	Descendant	867927700.0	1000	26	0.70280373	0.70280373	0	102	149.75518062771965	398.5639485790857
1142	238472	0.0922975299999997	0.431082	Descendant	121465760.0	1000	26	0.20057242	0.20057242	1	195	8.54940787792295	13.751300526409015
1143	244549	0.0922975299999997	0.1929002	Descendant	570363260.0	1000	26	0.31424642	0.31424642	0	100	2.2362932107031437	186.79126866206357
1144	275229	0.0922975299999997	0.49413303	Descendant	326414400.0	1000	26	0.27103344	0.27103344	0	121	894.0484720301569	898.8086088182376
1145	284215	0.0922975299999997	0.17781428	Descendant	178532350.0	1000	26	0.25569388	0.25569388	1	348	12.756995546391366	230.2675762528608
1146	407833	0.0922975299999997	0.80294734	Descendant	119022380.0	1000	26	0.09815723	0.09815723	0	291	205.77108748418473	417.2211830855414
1147	11	0.0	0.24374591	Merger	366659800.0	100	26	0.46281707	0.46281707	1	346	26.572398648671857	46.52719253212398
1148	16	0.0	0.27874482	Merger	248132420.0	100	26	0.09623838	0.09623838	1	421	34.52275479739523	39.256131406889466
1149	4038	0.0	0.14707401	Merger	14854964000.0	100	26	35.826756	35.826756	1	54	38.919169748548306	47.80398362913906
1150	4044	0.0	0.10018043	Merger	1075541100.0	100	26	1.035062	1.035062	1	271	71.83567045719063	84.57177398340711
1151	4047	0.0	0.18900461	Merger	943598100.0	100	26	1.2721528	1.2721528	2	302	27.02616297790054	36.33223691355274
1152	8993	0.0	0.4637509	Merger	1817094400.0	100	26	6.1931386	6.1931386	1	258	17.577612924247877	20.794535645944848
1154	17666	0.0	0.5019434	Merger	145001860000.0	100	26	61.551186	61.551186	1	12	187.20899714175476	876.6153167645267
1155	19579	0.0	0.29509717	Merger	5357674000.0	100	26	17.115114	17.115114	1	68	181.71599968265227	187.61606498738627
1156	22774	0.0	0.16179964	Merger	53500450000.0	100	26	61.26128	61.26128	1	21	23.895448029358025	91.25266703416584
1157	24487	0.0	0.11878907	Merger	679933100.0	100	26	0.8606987	0.8606987	1	273	106.39645827782459	147.06131171287433
1158	26635	0.0	0.27817208	Merger	6301090000.0	100	26	3.19606	3.19606	1	101	124.38050609995531	125.24015268726919
1159	26638	0.0	0.30523863	Merger	580222850.0	100	26	0.60964984	0.60964984	1	439	100.33304037799051	155.6913766685762
1160	26642	0.0	1.2502545	Merger	481105730.0	100	26	0.27489126	0.27489126	1	482	33.85509419458767	42.20268901273698
1161	28637	0.0	1.3285608	Merger	4611249000.0	100	26	30.58637	30.58637	1	32	3.7600825398103472	6.753786898164584
1162	30786	0.0	0.32895356	Merger	68852600000.0	100	26	45.630634	45.630634	1	5	480.604846424851	532.2546640453502
1163	32024	0.0	0.39140967	Merger	3800766000.0	100	26	8.848083	8.848083	1	46	31.32060787609581	42.550260667197364
1164	32026	0.0	0.10122839	Merger	320606460.0	100	26	0.42193866	0.42193866	1	312	22.929295149079163	31.560284897106577
1165	33197	0.0	2.111098	Merger	52498452000.0	100	26	41.36095	41.36095	1	5	125.94081775824591	266.1463084032756
1166	33204	0.0	0.16169907	Merger	84353960.0	100	26	0.082653135	0.082653135	1	400	21.54578341763456	31.972918658015338
1167	34424	0.0	0.41587758	Merger	1632827500.0	100	26	3.0675771	3.0675771	1	151	46.70344930321429	152.4024575857113
1168	41385	0.0	0.2153036	Merger	10621086000.0	100	26	13.9545765	13.9545765	1	73	12.100139009316981	59.840241673554154
1169	42330	0.0	0.12400015	Merger	59637540000.0	100	26	177.12991	177.12991	1	5	691.5071712898367	1312.4644133034226
1170	43715	0.0	0.2887355	Merger	126964070.0	100	26	0.09212642	0.09212642	1	526	56.194239705584806	60.21265031166701
1171	44481	0.0	0.15540054	Merger	78810120000.0	100	26	30.737276	30.737276	1	4	1040.303149696641	1118.094441904055
1172	45212	0.0	0.3795224	Merger	68728650000.0	100	26	67.240036	67.240036	1	0	2398.1083651479503	2483.73539387007
1173	48991	0.0	0.1907388	Merger	345246980.0	100	26	0.37388703	0.37388703	1	267	19.497749838749947	27.094592518472968
1174	49671	0.0	0.20869556	Merger	5083403300.0	100	26	4.798014	4.798014	1	107	119.78207148125958	232.98408870500955
1175	53325	0.0	0.24016346	Merger	237315410.0	100	26	0.22835673	0.22835673	2	163	44.539533093128696	65.1842737004523
1176	54042	0.0	0.18845725	Merger	38547685000.0	100	26	95.26477	95.26477	3	4	457.84953896039946	779.0011345550924
1177	56118	0.0	0.23228702	Merger	13407128000.0	100	26	10.660922	10.660922	2	14	127.55163618024943	527.5247921477762
1178	59564	0.0	0.14441195	Merger	227502130.0	100	26	0.29030794	0.29030794	1	314	165.76407155529563	172.48144179240543
1179	65995	0.0	0.16274528	Merger	4725282000.0	100	26	7.5334735	7.5334735	2	27	66.60211119089465	237.14157928243222
1180	68302	0.0	0.27144122	Merger	337654720.0	100	26	0.51145583	0.51145583	1	150	59.42257252796387	86.54897141554028
1181	71306	0.0	0.119027026	Merger	191855000.0	100	26	0.21715811	0.21715811	1	416	11.598729829688493	19.51731644946568
1182	72931	0.0	0.14854936	Merger	2731750400.0	100	26	7.0475693	7.0475693	1	19	5.173815330828917	20.52224813536188
1183	72933	0.0	0.1231866	Merger	352116160.0	100	26	0.35270578	0.35270578	1	83	14.719066869208532	69.64747385055205
1184	78072	0.0	0.67168725	Merger	3992532000.0	100	26	8.311095	8.311095	1	132	56.66284074162616	62.56548163385081
1185	80503	0.0	1.0039423	Merger	1397740300.0	100	26	1.8940016	1.8940016	1	128	14.354529631353161	78.41866281021069
1186	80516	0.0	1.8089582	Merger	100887840.0	100	26	0.12880518	0.12880518	2	634	26.2331555369587	35.162605814168465
1187	84165	0.0	0.34161904	Merger	9330688000.0	100	26	14.762415	14.762415	1	13	771.2062384729239	931.5120636898465
1188	84172	0.0	0.12666635	Merger	95834600.0	100	26	0.15807271	0.15807271	1	332	12.94092741792783	33.56403696565209
1189	85523	0.0	0.13242929	Merger	9013527000.0	100	26	7.5046554	7.5046554	1	35	87.02243745711611	618.2623831566427
1190	90449	0.0	0.111080945	Merger	386726530.0	100	26	0.48665634	0.48665634	1	87	95.35217072777812	99.9416312040864
1191	90730	0.0	0.41195554	Merger	6838801000.0	100	26	9.526707	9.526707	1	15	12.431582030132525	340.1402345953013
1192	92929	0.0	0.116101496	Merger	16814201000.0	100	26	28.48189	28.48189	1	10	958.2189099286871	1027.8348238933406
1193	93158	0.0	0.38852444	Merger	146413330.0	100	26	0.18310958	0.18310958	2	472	72.871003880055	80.8636610757741
1194	94847	0.0	1.2375901	Merger	5014385000.0	100	26	5.8827457	5.8827457	1	13	95.74481962495787	597.7000718907103
1195	95244	0.0	0.14182235	Merger	1544078200.0	100	26	7.061916	7.061916	1	170	11.69985252843811	12.984122516366066
1196	95248	0.0	0.10978767	Merger	454751600.0	100	26	0.8558174	0.8558174	1	357	11.69985252843811	21.351315447658642
1197	98616	0.0	0.114695475	Merger	9916620000.0	100	26	13.890022	13.890022	1	13	469.88023173704227	540.3989610749903
1198	99336	0.0	0.13681644	Merger	143497650.0	100	26	0.21257664	0.21257664	1	585	7.26088586337232	74.09243022645694
1199	99703	0.0	0.68156534	Merger	523999200.0	100	26	1.3740491	1.3740491	1	151	11.856377500764546	389.9163710319433
1200	103056	0.0	0.44042534	Merger	91762230.0	100	26	0.0725721	0.0725721	2	423	49.18472940537978	62.19874592533575
1201	105567	0.0	0.16114311	Merger	756180740.0	100	26	1.6964391	1.6964391	2	283	8.787033770889783	10.556933314995398
1202	105568	0.0	0.10120548	Merger	1548151300.0	100	26	1.4601759	1.4601759	1	182	77.86857354876253	124.02107193121579
1203	105569	0.0	0.11781267	Merger	292454560.0	100	26	0.7139079	0.7139079	2	510	45.898477242303926	47.32114771327058
1204	105907	0.0	0.14107217	Merger	7180601300.0	100	26	8.236797	8.236797	2	2	27.578780254982995	1773.2204619680301
1205	108624	0.0	1.2445161	Merger	5137377300.0	100	26	7.8501725	7.8501725	1	65	199.59517974384914	485.95533072503406
1206	108625	0.0	0.26640502	Merger	347662500.0	100	26	0.31227762	0.31227762	1	347	39.63560147001623	63.875670408466235
1207	109465	0.0	0.6262052	Merger	3833213000.0	100	26	6.238713	6.238713	1	30	148.7281754455381	233.681787882858
1208	109466	0.0	0.18037303	Merger	250592820.0	100	26	0.8866252	0.8866252	1	191	9.459126953750063	14.687984943109056
1209	110973	0.0	0.24391934	Merger	173794740.0	100	26	0.19752556	0.19752556	2	452	42.1807164760341	60.655801075076596
1210	113162	0.0	0.10209494	Merger	1011337600.0	100	26	1.2488235	1.2488235	1	77	97.06385950424706	186.77020995528113
1211	113744	0.0	0.18926199	Merger	551146700.0	100	26	0.65781826	0.65781826	1	72	7.907647500847236	83.41345551205895
1212	114779	0.0	1.6878711	Merger	9501341000.0	100	26	12.579385	12.579385	1	23	219.51985974855276	564.9908183292689
1213	114780	0.0	0.23055309	Merger	91671880.0	100	26	0.11715023	0.11715023	1	586	58.83418621402727	67.90609846812795
1214	117733	0.0	0.10108802	Merger	5674962400.0	100	26	12.626259	12.626259	1	47	333.41757689912833	522.6103937355681
1215	118719	0.0	0.10930678	Merger	3895502300.0	100	26	12.324651	12.324651	2	42	12.08484536746361	169.56963325032044
1216	119238	0.0	0.14158154	Merger	210952560.0	100	26	0.25611642	0.25611642	1	551	27.36316747050797	40.047192838374805
1217	119240	0.0	0.81794095	Merger	115148860.0	100	26	0.20138444	0.20138444	1	733	22.801725900756118	27.36316747050797
1218	120811	0.0	0.2162509	Merger	4948347400.0	100	26	6.861054	6.861054	2	33	234.38557454890977	303.2162806844707
1219	124659	0.0	0.1624043	Merger	3192980200.0	100	26	4.41709	4.41709	1	58	179.792779838444	190.84841121673767
1220	126085	0.0	1.2768679	Merger	998301950.0	100	26	2.468332	2.468332	1	155	8.09452604684855	8.965288996702972
1221	128430	0.0	0.13801116	Merger	212578240.0	100	26	0.30661914	0.30661914	1	435	6.990433160978656	17.901977644508946
1222	129490	0.0	0.4541276	Merger	297404350.0	100	26	0.27523968	0.27523968	3	147	11.929139803075406	14.638244160701374
1223	131694	0.0	0.9841666	Merger	127088600.0	100	26	0.122653335	0.122653335	1	434	30.08217905437447	46.717297592238985
1224	131916	0.0	0.18067083	Merger	417250560.0	100	26	0.54514825	0.54514825	1	171	15.126265633791121	44.606063675444034
1225	132738	0.0	0.11114631	Merger	154747820.0	100	26	0.29508296	0.29508296	1	704	22.28550907388984	70.34261528558267
1226	133171	0.0	0.3261925	Merger	3814048300.0	100	26	8.304043	8.304043	3	13	1225.9916183908308	1524.036257659977
1227	134876	0.0	0.14032926	Merger	7350661600.0	100	26	17.51035	17.51035	1	14	1071.314919103949	1119.8939541789994
1228	135042	0.0	0.14080001	Merger	5362884600.0	100	26	6.768118	6.768118	2	26	395.83753187409275	457.84953896039946
1229	136578	0.0	0.14047942	Merger	677866300.0	100	26	0.63519835	0.63519835	1	225	22.74121408810984	104.33538503813337
1230	139113	0.0	0.10237199	Merger	1429215100.0	100	26	2.1927211	2.1927211	2	99	18.364055308640992	31.572469192621824
1231	139241	0.0	0.19563255	Merger	1588501900.0	100	26	1.9869627	1.9869627	1	70	34.745491341824284	144.97513182812006
1232	139242	0.0	0.14035223	Merger	121306550.0	100	26	0.21853584	0.21853584	1	395	28.52389225544901	29.15053012965934
1233	139998	0.0	0.20493235	Merger	2268088800.0	100	26	5.4998527	5.4998527	1	118	171.03405525892808	253.9966060848621
1234	140604	0.0	0.38515964	Merger	85917490.0	100	26	0.12705512	0.12705512	1	292	9.985128444127024	18.371554040173212
1235	143863	0.0	0.4277421	Merger	543514900.0	100	26	1.1377335	1.1377335	1	251	7.475378973709371	36.046405058776884
1236	146568	0.0	0.3485654	Merger	280382820.0	100	26	0.45155627	0.45155627	1	617	53.147592624846865	56.970547843655275
1237	146722	0.0	0.14802676	Merger	3324873200.0	100	26	6.717668	6.717668	1	34	358.294101158462	394.7074557577456
1238	147326	0.0	0.14115378	Merger	2479838700.0	100	26	2.009228	2.009228	1	85	434.34104357698783	680.535222399472
1239	148662	0.0	0.15929177	Merger	139897310.0	100	26	0.28493354	0.28493354	1	280	7.21179565453202	12.681015351537392
1240	150535	0.0	0.12591043	Merger	2438588200.0	100	26	5.5173783	5.5173783	1	104	134.8650016740195	232.61654536424027
1241	152404	0.0	0.10384295	Merger	371837020.0	100	26	0.56331164	0.56331164	1	109	58.33087484015689	117.68283786504628
1242	153260	0.0	0.830668	Merger	1784095000.0	100	26	2.9467757	2.9467757	1	56	70.94509024731083	361.6008068398878
1243	153390	0.0	0.168807	Merger	4713414000.0	100	26	6.437593	6.437593	2	71	148.30330559745695	266.1536255370583
1244	154971	0.0	0.3010477	Merger	484912800.0	100	26	0.58751255	0.58751255	1	242	9.23744769778904	252.56166435886612
1245	156498	0.0	0.5969612	Merger	1729246200.0	100	26	5.3348174	5.3348174	1	18	236.32457129582448	647.5519614578031
1246	157246	0.0	0.26103112	Merger	3338590700.0	100	26	3.7572575	3.7572575	2	21	584.9973358619396	687.2223231847818
1247	158563	0.0	0.3671773	Merger	3167564000.0	100	26	3.9761045	3.9761045	3	62	233.2400088595543	360.60810701578555
1248	158962	0.0	0.19759223	Merger	87534380.0	100	26	0.21392435	0.21392435	2	352	3.3375416977692764	9.972523145314693
1249	159477	0.0	0.11747471	Merger	805248960.0	100	26	1.3065352	1.3065352	2	142	4.748364644286292	108.7125657924603
1250	159970	0.0	0.1302127	Merger	514457820.0	100	26	0.40811974	0.40811974	1	145	87.26986666737649	95.24963668507901
1251	161565	0.0	0.4562035	Merger	607630140.0	100	26	1.0774732	1.0774732	1	226	18.13045852129184	63.56789683632337
1252	161567	0.0	2.9595377	Merger	218789000.0	100	26	0.44897425	0.44897425	1	411	18.13045852129184	62.68123373719226
1253	161775	0.0	1.1321422	Merger	639613950.0	100	26	1.0427575	1.0427575	2	120	70.58767728425599	75.25079944736808
1254	162094	0.0	0.10994701	Merger	491589120.0	100	26	0.36608225	0.36608225	1	203	19.1159388100863	168.28187719290804
1255	162869	0.0	0.16052553	Merger	265991650.0	100	26	0.25394124	0.25394124	1	259	11.878158218823321	18.362581640379297
1256	164439	0.0	0.20792757	Merger	767848060.0	100	26	1.2024142	1.2024142	1	103	8.474205081385733	53.78467817011263
1257	166294	0.0	1.5120399	Merger	208559700.0	100	26	0.40632838	0.40632838	1	206	4.842713037788925	30.890825279107133
1258	166880	0.0	0.14443152	Merger	3726189600.0	100	26	8.726838	8.726838	1	6	296.7210457328574	307.1251405161862
1259	168248	0.0	1.7858609	Merger	1454503000.0	100	26	4.0723495	4.0723495	1	74	9.32965735315665	10.54603298036076
1260	169880	0.0	0.14358647	Merger	1095177900.0	100	26	1.999172	1.999172	2	62	6.132003128363384	327.1595342629574
1261	169881	0.0	2.0865765	Merger	455860740.0	100	26	0.6204088	0.6204088	1	111	6.132003128363384	122.18037333379142
1262	171412	0.0	0.2547392	Merger	505174270.0	100	26	0.70737493	0.70737493	1	312	50.525606971071376	92.63757537169958
1263	171600	0.0	0.15008104	Merger	839665860.0	100	26	3.3994515	3.3994515	1	318	9.468003707980078	445.14710299117314
1264	171601	0.0	0.10655806	Merger	180486670.0	100	26	0.49649724	0.49649724	1	773	9.468003707980078	18.884614803012862
1265	172916	0.0	0.15871936	Merger	2011511300.0	100	26	5.9356685	5.9356685	1	50	2.1732478203738848	384.5612571844424
1266	174362	0.0	0.5648723	Merger	292245440.0	100	26	1.1154863	1.1154863	1	227	6.8460689010489135	15.34743229519782
1267	175954	0.0	0.2581258	Merger	1341371300.0	100	26	2.5799377	2.5799377	1	54	969.3927791129358	1125.8681709096813
1268	176589	0.0	0.5222877	Merger	1282995300.0	100	26	1.3989121	1.3989121	1	87	39.613341336483366	103.54648051568235
1269	178044	0.0	0.11627392	Merger	1003210600.0	100	26	4.173412	4.173412	1	86	7.504981056069801	426.73488769489126
1270	178286	0.0	0.11263497	Merger	2100837500.0	100	26	2.7362208	2.7362208	1	55	230.409612510605	301.3587319962749
1271	178416	0.0	0.8160203	Merger	1926428500.0	100	26	4.550149	4.550149	1	52	144.97513182812006	353.83373121684826
1272	180346	0.0	0.10373576	Merger	315083800.0	100	26	0.34902328	0.34902328	1	148	60.721996160495515	91.04693387745041
1273	182527	0.0	0.26521444	Merger	1228827300.0	100	26	1.7025789	1.7025789	1	62	297.0993548193154	341.5811669438552
1274	183599	0.0	1.0561106	Merger	155585870.0	100	26	0.23914877	0.23914877	1	556	21.86393375753814	24.302291435179708
1275	186015	0.0	0.12128361	Merger	643154200.0	100	26	1.2379546	1.2379546	1	423	55.480703964432166	150.97763974266195
1276	187222	0.0	0.3569066	Merger	270366050.0	100	26	0.3246042	0.3246042	1	521	19.429885574159034	37.770844019297506
1277	187223	0.0	0.24783136	Merger	96326590.0	100	26	0.19143416	0.19143416	1	872	19.76608704139081	37.770844019297506
1278	188298	0.0	0.5509868	Merger	580613300.0	100	26	0.9696209	0.9696209	1	188	67.44546579426714	118.25306141841384
1279	189035	0.0	1.9907188	Merger	1366700400.0	100	26	2.2021604	2.2021604	1	59	379.6963482875605	411.1004818522439
1280	190136	0.0	0.15666215	Merger	1361619700.0	100	26	2.2041419	2.2041419	1	77	231.89276637169522	576.2454303953951
1281	190235	0.0	0.53869176	Merger	1046600100.0	100	26	1.2894771	1.2894771	3	101	231.89276637169522	409.99945588602134
1282	190321	0.0	0.7851799	Merger	87611920.0	100	26	0.096833706	0.096833706	1	285	36.19296586329271	37.90185925922944
1283	190759	0.0	0.8661705	Merger	119906710.0	100	26	0.22865105	0.22865105	3	384	1.271880607252693	74.97865193166537
1284	192458	0.0	0.1356396	Merger	224301360.0	100	26	0.24252102	0.24252102	1	108	34.92378126448244	55.94387590273877
1285	192981	0.0	0.11398676	Merger	521838370.0	100	26	0.78701115	0.78701115	1	111	6.864271713865082	69.24965798507861
1286	195115	0.0	0.40640345	Merger	270964740.0	100	26	0.3442522	0.3442522	1	226	18.32946308124986	60.71064413427302
1287	196188	0.0	1.3750035	Merger	501517470.0	100	26	0.59753776	0.59753776	2	167	43.39018617688903	187.23669863160177
1288	196189	0.0	0.14675023	Merger	180010980.0	100	26	0.24507931	0.24507931	1	316	43.39018617688903	52.0565457033127
1289	197424	0.0	0.25858214	Merger	668778300.0	100	26	1.1134499	1.1134499	2	256	10.687335496948641	226.1068932352581
1290	197517	0.0	0.102392614	Merger	584566300.0	100	26	1.9526789	1.9526789	1	260	23.438933658364803	68.93493789486946
1291	197596	0.0	0.24221328	Merger	1086596700.0	100	26	0.9171519	0.9171519	1	153	59.387779502177295	144.8312246359943
1292	198230	0.0	0.25568715	Merger	127136984.0	100	26	0.12568896	0.12568896	2	338	12.479445933611103	36.69488858555297
1293	204382	0.0	0.20934533	Merger	149224160.0	100	26	0.23830418	0.23830418	1	258	56.80591712424026	105.39829315578663
1294	206162	0.0	0.2630325	Merger	154464770.0	100	26	0.1738748	0.1738748	1	219	32.15617464287474	115.34036915849168
1295	206705	0.0	1.4098865	Merger	1218538600.0	100	26	2.3493512	2.3493512	1	38	150.45559937422226	301.313143215819
1296	207006	0.0	0.14463077	Merger	662552400.0	100	26	1.3830462	1.3830462	1	130	243.55875891612973	355.45968685896855
1297	207721	0.0	0.21270113	Merger	177625550.0	100	26	0.19756736	0.19756736	1	794	29.251175791508324	101.3578453475395
1298	208877	0.0	0.22393762	Merger	1389784300.0	100	26	1.7771951	1.7771951	2	51	165.68760961321593	179.20450447063337
1299	211370	0.0	0.2804781	Merger	119440710.0	100	26	0.18046765	0.18046765	3	107	32.143261240486204	217.73349616458833
1300	212045	0.0	0.5473429	Merger	443237280.0	100	26	0.62285227	0.62285227	1	178	58.452499215754095	107.19653111422822
1301	212907	0.0	0.23596253	Merger	975312400.0	100	26	1.3433378	1.3433378	1	214	86.45061877358295	146.3767239797893
1302	216083	0.0	0.13679393	Merger	1454650800.0	100	26	2.1256466	2.1256466	1	115	115.25474078224414	153.42977266786139
1303	217682	0.0	0.72386086	Merger	570142500.0	100	26	0.5866998	0.5866998	1	103	12.700785222895115	136.60773885313475
1304	218301	0.0	1.1339041	Merger	573568060.0	100	26	0.98962647	0.98962647	1	137	120.65389453889485	163.22972998210156
1305	220160	0.0	0.20562227	Merger	247554720.0	100	26	0.41544324	0.41544324	2	447	37.17814598500117	51.14814391609753
1306	222970	0.0	0.79179996	Merger	299610100.0	100	26	0.39274073	0.39274073	1	270	26.50722959379003	80.01347563471194
1307	223012	0.0	0.5654768	Merger	127840936.0	100	26	0.18983589	0.18983589	2	287	10.541368640238225	98.97538055214515
1308	223134	0.0	0.37563634	Merger	602239900.0	100	26	0.68816906	0.68816906	1	421	93.88915346029684	117.05878740792562
1309	223581	0.0	0.21258424	Merger	460415100.0	100	26	0.89256376	0.89256376	2	63	233.2332220504702	284.676064159121
1310	224344	0.0	1.2914196	Merger	225236050.0	100	26	0.3696446	0.3696446	1	174	57.94031091168181	411.6164159875699
1311	226375	0.0	0.20501839	Merger	163399360.0	100	26	0.114069186	0.114069186	1	316	4.809944417836841	50.877684915549246
1312	227873	0.0	0.10292421	Merger	414774340.0	100	26	0.54509985	0.54509985	1	86	79.50283553845665	92.49966756520818
1313	228332	0.0	0.12517339	Merger	861030460.0	100	26	1.0359095	1.0359095	1	109	290.88929233363	317.91143320415625
1314	228682	0.0	0.16690336	Merger	695812000.0	100	26	0.7469657	0.7469657	1	142	75.00532942817001	243.14911930816183
1315	228923	0.0	0.14160427	Merger	842833340.0	100	26	1.9509759	1.9509759	1	113	171.94321308535643	288.29258321931155
1316	229296	0.0	0.14722618	Merger	91246840.0	100	26	0.08601148	0.08601148	1	286	42.725702643672236	93.20551644691264
1317	230079	0.0	0.12111127	Merger	514634400.0	100	26	0.9025811	0.9025811	1	246	164.17374511962623	190.47090530713763
1318	231602	0.0	0.3190272	Merger	447858660.0	100	26	0.1757653	0.1757653	1	62	7.037985520319181	519.5553432543857
1319	235025	0.0	0.24554259	Merger	216837150.0	100	26	0.20613448	0.20613448	1	484	14.686374356855342	15.984040865786287
1320	235493	0.0	1.4627932	Merger	369436200.0	100	26	0.69680434	0.69680434	1	165	15.061633881559663	52.32817911725612
1321	236302	0.0	1.180905	Merger	823920800.0	100	26	1.4652367	1.4652367	1	176	130.65519419803385	270.6155073993716
1322	238024	0.0	0.14795788	Merger	414482620.0	100	26	0.5089771	0.5089771	1	114	15.764676262983327	217.32198731539978
1323	239143	0.0	0.15934868	Merger	512812670.0	100	26	0.42014882	0.42014882	1	133	105.76565418053997	231.41326388261535
1324	241153	0.0	0.412974	Merger	462396740.0	100	26	0.7066329	0.7066329	1	178	141.66722359993713	349.8631170229353
1325	241554	0.0	0.120762534	Merger	193633980.0	100	26	0.37474144	0.37474144	1	158	90.52757454779899	138.55165684170686
1326	242531	0.0	0.35182145	Merger	812365900.0	100	26	0.8085466	0.8085466	1	92	92.59527470037531	121.86305275158871
1327	243172	0.0	0.111274295	Merger	719128000.0	100	26	0.7035673	0.7035673	1	59	121.93544439210136	155.7522260881974
1328	244327	0.0	0.1177648	Merger	138908030.0	100	26	0.32128373	0.32128373	1	338	29.273213865047225	35.782252686263554
1329	244637	0.0	0.14135703	Merger	588199400.0	100	26	0.7424332	0.7424332	1	122	41.0535906355702	81.06127159255401
1330	244800	0.0	0.17751044	Merger	392279740.0	100	26	0.4280987	0.4280987	1	205	246.96672099095082	287.33375672911046
1331	245054	0.0	0.5042026	Merger	555664800.0	100	26	0.5362123	0.5362123	1	44	173.54445057510296	213.5779507549224
1332	246071	0.0	0.4335607	Merger	482377340.0	100	26	0.3933267	0.3933267	1	163	380.710921621873	457.75333053376147
1333	246714	0.0	0.18770763	Merger	513525920.0	100	26	0.5867032	0.5867032	2	182	466.6395180196197	483.4935963428021
1334	246804	0.0	0.29678643	Merger	594144000.0	100	26	0.691828	0.691828	2	194	138.1664291400337	370.9207020869282
1335	249485	0.0	0.21169145	Merger	504761600.0	100	26	0.6284682	0.6284682	2	94	12.250496257060828	275.47905156519096
1336	250925	0.0	1.7406638	Merger	137364770.0	100	26	0.33766773	0.33766773	1	214	14.525149763041705	50.57703326149929
1337	251090	0.0	0.3048446	Merger	631889300.0	100	26	0.4596337	0.4596337	1	168	216.7684162717299	225.89532914024474
1338	251925	0.0	0.7070887	Merger	314645800.0	100	26	0.25959697	0.25959697	1	435	6.600060382644063	55.10640307626871
1339	252922	0.0	0.35465196	Merger	417301400.0	100	26	0.46280456	0.46280456	1	95	107.11544260475456	150.52438135279425
1340	253600	0.0	0.61025023	Merger	94294460.0	100	26	0.25692865	0.25692865	2	742	74.38465869269214	87.0810882574366
1341	260573	0.0	1.2144982	Merger	628354560.0	100	26	0.37449685	0.37449685	1	99	322.4034921535108	416.8024345662893
1342	260853	0.0	0.26504222	Merger	584916800.0	100	26	0.4563644	0.4563644	2	422	167.3782845478738	171.53491376431543
1343	260979	0.0	0.15349391	Merger	98522280.0	100	26	0.12221395	0.12221395	1	299	35.80074562241762	48.62358142703682
1344	262626	0.0	0.15074697	Merger	170656300.0	100	26	0.17263322	0.17263322	2	660	30.812045371101988	66.77902803014835
1345	262991	0.0	0.10305524	Merger	440486560.0	100	26	0.41201213	0.41201213	1	280	303.3912439473903	309.1415935316032
1346	263565	0.0	0.19333412	Merger	103515080.0	100	26	0.101195246	0.101195246	1	532	26.929134252801166	229.4009502538926
1347	263731	0.0	0.13679634	Merger	376676450.0	100	26	0.46909383	0.46909383	1	195	32.044430724807185	292.36446408067843
1348	264526	0.0	1.2696226	Merger	473929800.0	100	26	0.6746958	0.6746958	2	121	190.63792492516976	374.95533173623113
1349	265194	0.0	0.5314617	Merger	174506380.0	100	26	0.19904873	0.19904873	1	318	29.004737605689105	51.61341497952519
1350	265425	0.0	0.15400456	Merger	568385340.0	100	26	0.4779052	0.4779052	1	149	467.9570167264473	585.1258859769296
1351	266246	0.0	0.14741337	Merger	607819100.0	100	26	0.8293087	0.8293087	2	135	97.85751775787487	164.66812048039066
1352	266897	0.0	0.10983677	Merger	164619800.0	100	26	0.23804583	0.23804583	2	403	16.03571325667856	47.54046838829043
1353	268661	0.0	0.104399405	Merger	569980540.0	100	26	0.51195973	0.51195973	1	197	176.27957158351197	176.88665203392023
1354	269824	0.0	1.2419896	Merger	266613600.0	100	26	0.3680776	0.3680776	1	136	10.953486072610078	193.49535257847404
1355	271181	0.0	0.17163348	Merger	136639280.0	100	26	0.097427994	0.097427994	1	339	245.30456985868798	299.35014367065537
1356	272017	0.0	0.56236553	Merger	675260860.0	100	26	0.35981306	0.35981306	1	150	147.363420879835	223.78615076598663
1357	273157	0.0	0.11748704	Merger	209640350.0	100	26	0.404307	0.404307	1	274	9.35677309447882	164.51652281398862
1358	273703	0.0	0.29405993	Merger	216845380.0	100	26	0.5784016	0.5784016	1	96	8.10233110994724	491.87464279451933
1359	275477	0.0	0.5013059	Merger	236099550.0	100	26	0.42962447	0.42962447	1	141	5.691906675301079	138.66076575636205
1360	277669	0.0	0.15040782	Merger	139308860.0	100	26	0.18302166	0.18302166	2	241	18.639895904641506	174.09898786623222
1361	279527	0.0	0.13021941	Merger	116369320.0	100	26	0.13732661	0.13732661	1	336	21.05296620499459	29.145323177411708
1362	280729	0.0	0.2381514	Merger	188068900.0	100	26	0.2873374	0.2873374	2	367	19.75359184949003	92.29974711629364
1363	281146	0.0	1.4108258	Merger	260643410.0	100	26	0.3418621	0.3418621	1	112	17.16403585724994	214.6560465466092
1364	281636	0.0	0.85318506	Merger	315341860.0	100	26	0.21176969	0.21176969	1	53	8.126411203865025	274.41590987203375
1365	282432	0.0	0.5742978	Merger	240789420.0	100	26	0.53723025	0.53723025	1	254	22.73515246074913	364.6321237115472
1366	282825	0.0	1.9190644	Merger	279802020.0	100	26	1.0911543	1.0911543	1	105	129.44674261159338	352.4249462494164
1367	284366	0.0	0.45508146	Merger	94557820.0	100	26	0.112620294	0.112620294	2	319	32.87035041474026	72.67186973002259
1368	284790	0.0	0.29871252	Merger	317790700.0	100	26	0.45423687	0.45423687	1	187	285.7478129185369	301.99700378455657
1369	284994	0.0	0.6989682	Merger	88504030.0	100	26	0.13970417	0.13970417	1	232	47.00860268616355	215.93687042250576
1370	285051	0.0	0.21967478	Merger	289903650.0	100	26	0.3382952	0.3382952	1	435	43.30144643756334	204.61675319240567
1371	285161	0.0	1.0058274	Merger	86286104.0	100	26	0.14182556	0.14182556	1	417	8.359713828930605	39.4768028487102
1372	285575	0.0	0.72856635	Merger	398391970.0	100	26	0.6063393	0.6063393	1	409	280.4126244905481	284.5179926423674
1373	287748	0.0	0.10330273	Merger	209848690.0	100	26	0.2105373	0.2105373	1	82	52.35782543215517	83.63877683961641
1374	288448	0.0	0.10883603	Merger	228628140.0	100	26	0.38626248	0.38626248	2	173	74.2710241521492	118.54336058214764
1375	288509	0.0	0.10429161	Merger	647741060.0	100	26	0.65751004	0.65751004	1	63	59.44328532175087	153.93009896545038
1376	288726	0.0	0.34010676	Merger	88360780.0	100	26	0.10014238	0.10014238	1	290	54.74788987791455	262.5409787607201
1377	288831	0.0	0.1480345	Merger	247753090.0	100	26	0.5061318	0.5061318	1	198	151.94914476795316	202.22532947214327
1378	289205	0.0	0.2746048	Merger	224825060.0	100	26	1.0762029	1.0762029	3	87	4.746546496740221	4.783522094652208
1379	289360	0.0	0.15655737	Merger	173832240.0	100	26	0.20134301	0.20134301	2	258	11.417510047600505	84.81488924997032
1380	290002	0.0	1.0219468	Merger	456077250.0	100	26	0.6578069	0.6578069	1	224	192.10751925127875	269.89345415605504
1381	292118	0.0	0.16668396	Merger	156022620.0	100	26	0.3407044	0.3407044	1	311	131.03208691726186	138.2499624575048
1382	292414	0.0	0.14415972	Merger	297466300.0	100	26	0.60005	0.60005	1	373	126.07241962290198	243.98402104281303
1383	294340	0.0	0.12970464	Merger	344983970.0	100	26	0.49985376	0.49985376	1	403	153.38159223078011	177.86574474963442
1384	294451	0.0	0.11135146	Merger	134129440.0	100	26	0.11345023	0.11345023	1	118	44.86353652906373	371.1699233984637
1385	294696	0.0	0.23735802	Merger	206191340.0	100	26	0.28039372	0.28039372	1	62	13.962626248144502	221.93406710073077
1386	296040	0.0	0.7649943	Merger	277239780.0	100	26	0.5057372	0.5057372	1	176	99.51351912663894	190.08474590211614
1387	298136	0.0	0.112273976	Merger	113558550.0	100	26	0.15982799	0.15982799	1	347	2.3453476376365603	57.242549431815235
1388	298567	0.0	0.2335256	Merger	145188800.0	100	26	0.3478906	0.3478906	1	652	45.73354448705404	223.9820298596431
1389	299948	0.0	2.1032627	Merger	181270880.0	100	26	0.61312956	0.61312956	1	260	209.15252591865965	351.2203375137379
1390	300960	0.0	0.16699962	Merger	155732480.0	100	26	0.19208804	0.19208804	1	136	40.18115641215084	73.01416746264871
1391	302171	0.0	0.7098115	Merger	167201020.0	100	26	0.45515147	0.45515147	1	203	7.310032544298226	490.47081301313784
1392	302456	0.0	0.1263693	Merger	307716860.0	100	26	0.40424618	0.40424618	1	191	194.91675116393202	208.98794412335712
1393	302697	0.0	0.31165752	Merger	397546900.0	100	26	0.46676594	0.46676594	2	138	153.50685257226152	168.39730261634116
1394	304249	0.0	0.1705156	Merger	326802270.0	100	26	0.21954817	0.21954817	1	158	562.7530662506	582.6765718302778
1395	305164	0.0	0.10803372	Merger	298342340.0	100	26	0.3576055	0.3576055	3	611	159.6872977736011	178.10656549802658
1396	306605	0.0	0.17042002	Merger	250352980.0	100	26	0.46400738	0.46400738	1	236	79.98346341550054	120.73344895956981
1397	306807	0.0	0.45071533	Merger	330221700.0	100	26	0.20931974	0.20931974	1	149	116.45579287405396	149.60667098878824
1398	308012	0.0	0.11077002	Merger	294896640.0	100	26	0.5154527	0.5154527	1	62	98.71423472558254	231.38165893618586
1399	308291	0.0	0.13121425	Merger	100537976.0	100	26	0.15581724	0.15581724	1	137	54.8400824202626	162.76208238896518
1400	310675	0.0	0.12623353	Merger	267318320.0	100	26	0.30239326	0.30239326	1	93	98.38685088548061	146.89739043597137
1401	311522	0.0	0.8875773	Merger	209451540.0	100	26	0.19218014	0.19218014	1	286	94.39949885455643	139.7079887998447
1402	312038	0.0	0.27396774	Merger	132661864.0	100	26	0.13100956	0.13100956	1	186	71.54556342405989	539.0813853004819
1403	312127	0.0	1.2211031	Merger	183863620.0	100	26	0.2820114	0.2820114	2	306	29.230931558824803	132.86406658618696
1404	313283	0.0	0.10118304	Merger	122505810.0	100	26	0.120678835	0.120678835	2	75	74.52724928012248	663.1122616986438
1405	313359	0.0	1.3582488	Merger	254445420.0	100	26	0.3200339	0.3200339	1	240	140.46130904967114	310.1562434607108
1406	314176	0.0	0.21367443	Merger	314874560.0	100	26	0.45896906	0.45896906	1	355	108.56725171000005	120.80844702246176
1407	316301	0.0	0.12656216	Merger	113757020.0	100	26	0.13079269	0.13079269	2	380	164.62409124241742	207.70617207854187
1408	317619	0.0	0.12421889	Merger	238370430.0	100	26	0.38017398	0.38017398	1	162	463.42652226657907	474.58369273976473
1409	318003	0.0	0.1082774	Merger	167919310.0	100	26	0.19417065	0.19417065	1	297	23.87415607291979	176.70539288018526
1410	320989	0.0	0.16074477	Merger	208362560.0	100	26	0.34832275	0.34832275	1	232	116.45503432645538	127.43560526035512
1411	321565	0.0	0.9474588	Merger	86913384.0	100	26	0.119314745	0.119314745	1	378	66.28431248390605	146.1397669623264
1412	322510	0.0	0.34849462	Merger	148611310.0	100	26	0.26859424	0.26859424	1	365	46.53152099949385	173.69802210548508
1413	324251	0.0	1.5117856	Merger	143133700.0	100	26	0.17126893	0.17126893	1	441	10.220864064061756	164.82616356922188
1414	324843	0.0	0.17836341	Merger	301512740.0	100	26	0.32060134	0.32060134	1	224	267.37395278523854	367.8292889524892
1415	325115	0.0	0.36971456	Merger	192175140.0	100	26	0.3339612	0.3339612	1	470	126.76871599059176	126.91626934143504
1416	325509	0.0	0.10182964	Merger	251912110.0	100	26	0.24137576	0.24137576	1	94	79.28733555457158	113.32743597857383
1417	327053	0.0	0.2347179	Merger	230286430.0	100	26	0.3833288	0.3833288	1	250	365.0129621554253	433.84534091960273
1418	327572	0.0	0.37964988	Merger	155000510.0	100	26	0.14395218	0.14395218	1	317	317.5710272733092	322.92288946377107
1419	328836	0.0	0.3135507	Merger	310370500.0	100	26	0.5916406	0.5916406	1	176	123.60779227757037	234.07484397676978
1420	328919	0.0	0.28761783	Merger	195409140.0	100	26	0.2663436	0.2663436	1	290	116.32046377399445	125.94598569524865
1421	329519	0.0	0.74639046	Merger	95792170.0	100	26	0.053250052	0.053250052	1	695	8.480291680506772	224.67750584058368
1422	329728	0.0	0.13383058	Merger	178236220.0	100	26	0.21741627	0.21741627	3	386	79.4765501611942	172.88806732682346
1423	329909	0.0	0.2561737	Merger	260168880.0	100	26	0.43163195	0.43163195	1	370	165.96373778070833	166.12898644336803
1424	329992	0.0	0.20066878	Merger	142755000.0	100	26	0.25491637	0.25491637	1	123	80.60145800623107	154.7729354379372
1425	330666	0.0	0.2381084	Merger	145779600.0	100	26	0.4309033	0.4309033	2	172	149.50382120627924	262.28159962242205
1426	330790	0.0	0.16073006	Merger	128839430.0	100	26	0.19367515	0.19367515	1	139	7.827766149145701	320.6203985336154
1427	333925	0.0	1.2067231	Merger	162083800.0	100	26	0.27974615	0.27974615	1	18	61.37459201300186	306.4201650108865
1428	334332	0.0	0.10496402	Merger	153076350.0	100	26	0.24455029	0.24455029	2	293	70.67569122024503	202.32498995843883
1429	334442	0.0	1.8019291	Merger	92002920.0	100	26	0.22879438	0.22879438	1	756	56.60318946161868	149.23889460327146
1430	335364	0.0	0.17144342	Merger	101566770.0	100	26	0.23384212	0.23384212	1	427	11.142294728219182	316.1169179269021
1431	338392	0.0	0.11474943	Merger	147020460.0	100	26	0.06806031	0.06806031	1	287	52.17009809589884	502.7681846379029
1432	338551	0.0	0.16584148	Merger	232223520.0	100	26	0.42626426	0.42626426	1	185	164.50846239548338	169.56718021624616
1433	340640	0.0	0.77979904	Merger	204798560.0	100	26	0.3190938	0.3190938	2	372	32.28787018192536	139.71516760673384
1434	340664	0.0	0.485467	Merger	111092870.0	100	26	0.24323456	0.24323456	1	185	101.2485850080251	149.42836832025327
1435	340922	0.0	0.1384109	Merger	209472030.0	100	26	0.29742277	0.29742277	1	204	274.9549760249514	351.7606415903143
1436	341839	0.0	0.1237612	Merger	219362420.0	100	26	0.27201292	0.27201292	1	215	242.98759792291725	254.75730514454077
1437	347861	0.0	0.11783722	Merger	184285840.0	100	26	0.24354269	0.24354269	1	421	240.49990194785357	240.89389956481435
1438	350604	0.0	0.1442907	Merger	146798600.0	100	26	0.19914412	0.19914412	1	266	149.093521223694	197.57111577028763
1439	352394	0.0	0.2290778	Merger	180889650.0	100	26	0.16889746	0.16889746	1	361	238.39320676340674	249.1974963821466
1440	352612	0.0	0.10430656	Merger	135700850.0	100	26	0.1778044	0.1778044	1	214	187.2429950095292	236.89016800768417
1441	353085	0.0	0.45679116	Merger	88721380.0	100	26	0.13097051	0.13097051	4	146	22.26031199434515	140.31162904557985
1442	353948	0.0	0.8895895	Merger	106727704.0	100	26	0.25910676	0.25910676	2	551	4.616232049840049	64.051317295039
1443	354366	0.0	0.34363624	Merger	219582080.0	100	26	0.3490884	0.3490884	1	200	206.2645140675234	284.082563238601
1444	357800	0.0	0.20609899	Merger	124385720.0	100	26	0.14332595	0.14332595	1	176	84.80180935703558	115.93658401583366
1445	358198	0.0	0.14898857	Merger	164527550.0	100	26	0.18343781	0.18343781	1	328	110.75485636920591	279.59021143952845
1446	358501	0.0	0.10531882	Merger	103437940.0	100	26	0.121483915	0.121483915	1	173	110.16728058165046	218.6027649052405
1447	359486	0.0	0.14395694	Merger	115832710.0	100	26	0.1951744	0.1951744	1	155	536.2351596208001	537.3035004401427
1448	360586	0.0	0.53994083	Merger	128262520.0	100	26	0.17490491	0.17490491	2	280	285.91472145054064	321.4221345445943
1449	360664	0.0	0.3571358	Merger	153837890.0	100	26	0.25591415	0.25591415	1	369	182.40170929424386	237.1625867853228
1450	360816	0.0	0.13121587	Merger	264307180.0	100	26	0.3847149	0.3847149	1	114	545.9270554380877	597.3627473477809
1451	360982	0.0	0.3113269	Merger	121571920.0	100	26	0.24264584	0.24264584	1	381	104.29405328746637	170.083038838723
1452	361706	0.0	0.20916967	Merger	97465416.0	100	26	0.12815413	0.12815413	1	423	44.786809581511	80.10229439528277
1453	362080	0.0	0.19769081	Merger	215738930.0	100	26	0.21386398	0.21386398	1	136	124.35979754132157	136.83209493597963
1454	362261	0.0	0.2452468	Merger	89441610.0	100	26	0.16367914	0.16367914	1	279	6.412983996784132	184.75379173945137
1455	362918	0.0	0.19503544	Merger	117066170.0	100	26	0.21268299	0.21268299	1	126	221.4592462704363	294.6522070465472
1456	363584	0.0	0.2897882	Merger	141166050.0	100	26	0.25413722	0.25413722	2	306	375.0497468984616	571.9705108576562
1457	367698	0.0	0.23570448	Merger	177269090.0	100	26	0.13299967	0.13299967	1	229	661.8937105003389	695.6248803812967
1458	369423	0.0	0.33895048	Merger	97812520.0	100	26	0.123954706	0.123954706	1	682	410.73127857006693	412.0310849767773
1459	369519	0.0	0.21027622	Merger	91770904.0	100	26	0.1485769	0.1485769	1	400	188.86580466738116	291.5577489964392
1460	369687	0.0	1.07586	Merger	130240150.0	100	26	0.28871152	0.28871152	2	424	51.94676422463366	100.76888631712278
1461	371458	0.0	0.18094935	Merger	115359820.0	100	26	0.1452841	0.1452841	3	464	188.59695368543876	230.3802330654844
1462	372071	0.0	0.9872924	Merger	90820900.0	100	26	0.10263207	0.10263207	2	535	7.3843103019072585	75.00532942817001
1463	374021	0.0	1.4603775	Merger	102245304.0	100	26	0.078697465	0.078697465	1	316	160.23349693712612	160.95704428729223
1464	377845	0.0	0.21187882	Merger	186877500.0	100	26	0.32781005	0.32781005	1	411	155.75739310441716	160.02628489606295
1465	379088	0.0	0.1612843	Merger	108637260.0	100	26	0.08830296	0.08830296	2	360	95.7573928525386	139.29205977418545
1466	381410	0.0	0.35300228	Merger	174597380.0	100	26	0.3105181	0.3105181	1	148	87.04879909633854	440.37328302743714
1467	382663	0.0	0.21185255	Merger	134246340.0	100	26	0.12796018	0.12796018	1	334	81.32135400633013	82.69115686115784
1468	383176	0.0	0.24301808	Merger	116429710.0	100	26	0.06542883	0.06542883	1	190	139.68348384865348	170.23605488146356
1469	383496	0.0	0.24742036	Merger	151453800.0	100	26	0.13464324	0.13464324	2	252	100.46898378329993	173.73456644988244
1470	383874	0.0	0.15571675	Merger	149574960.0	100	26	0.21314757	0.21314757	1	246	79.19165353865392	80.03514385242559
1471	385351	0.0	0.37175214	Merger	113287656.0	100	26	0.15979834	0.15979834	2	192	180.3143782132491	296.2922895610102
1472	385757	0.0	0.11489813	Merger	92417690.0	100	26	0.10047068	0.10047068	1	353	107.64777981074116	403.30082888677526
1473	388334	0.0	0.17936216	Merger	107517736.0	100	26	0.101800606	0.101800606	1	204	360.76252891677234	401.2196345518557
1474	389380	0.0	0.10705585	Merger	86309336.0	100	26	0.11280432	0.11280432	2	195	64.749643305647	132.4841481735264
1475	390979	0.0	0.43074286	Merger	147055330.0	100	26	0.12897001	0.12897001	1	116	152.48794517088905	514.3045106029006
1476	394366	0.0	0.2700071	Merger	104530520.0	100	26	0.19681752	0.19681752	2	202	234.4427138629442	286.90629364283376
1477	394536	0.0	0.13629748	Merger	110744184.0	100	26	0.144771	0.144771	1	409	160.3507636162932	183.57712687857315
1478	394908	0.0	0.28356913	Merger	134957500.0	100	26	0.07326259	0.07326259	1	94	320.7633490222302	595.0196940879939
1479	397923	0.0	0.10093966	Merger	108804216.0	100	26	0.12965631	0.12965631	4	424	227.9955675976442	276.1619270081323
1480	401180	0.0	0.17335275	Merger	97046640.0	100	26	0.056714136	0.056714136	1	217	154.08349672008652	163.8967037337089
1481	403404	0.0	1.2012924	Merger	93101520.0	100	26	0.09213464	0.09213464	1	314	123.65320156018399	172.5368329394202
1482	403431	0.0	0.14185159	Merger	92083970.0	100	26	0.07162512	0.07162512	1	298	114.03862938400377	192.09340667936252
1483	403527	0.0	0.16371313	Merger	105155880.0	100	26	0.09535169	0.09535169	1	539	114.33304633264346	126.79003627352019
1484	404870	0.0	0.35677218	Merger	86919090.0	100	26	0.11811479	0.11811479	1	193	130.28987543916747	307.1885606990039
1485	405881	0.0	0.12428667	Merger	99169780.0	100	26	0.18896587	0.18896587	3	512	57.97676624443975	122.93520771097266
1486	409277	0.0	0.17426151	Merger	90188390.0	100	26	0.07827819	0.07827819	1	223	119.78716243341772	120.14964768302555
1487	410663	0.0	0.2939829	Merger	144130500.0	100	26	0.13011406	0.13011406	1	187	60.94358657266519	126.65286294280853
1488	412042	0.0	0.24237576	Merger	114926710.0	100	26	0.17271273	0.17271273	1	225	158.44446223594434	159.30776357351255
1489	413416	0.0	0.3518845	Merger	88446870.0	100	26	0.053676438	0.053676438	2	287	94.11175564883419	96.11636647620496
1490	413547	0.0	0.39902502	Merger	114096070.0	100	26	0.111905195	0.111905195	1	43	72.76826216582785	144.53410014669595
1491	427553	0.0	0.11448436	Merger	86347130.0	100	26	0.1010522	0.1010522	1	729	231.619484403601	232.9191341094101
1492	451223	0.0	0.13405773	Merger	117617180.0	100	26	0.11721693	0.11721693	1	457	65.46075312665108	160.24585660742758
1493	121617	-0.1457543700000005	0.26061657	first_progenitor	2678281000.0	1	26	3.8016	3.8016	1	57	94.50281821539754	192.33256096649473
1494	178045	-0.1457543700000005	0.22284947	next_progenitor	821285400.0	10	26	1.2530788	1.2530788	0	102	7.504981056069801	433.5897826216977
1495	262440	-0.1457543700000005	0.33454087	first_progenitor	94472590.0	1	26	0.064514555	0.064514555	1	445	23.29570157649375	71.37289098420055
1496	209674	-0.1457543700000005	0.24416442	first_progenitor	398035600.0	1	26	1.0705482	1.0705482	0	267	4.987327248845336	151.9628277255644
1497	327089	-0.1457543700000005	0.12117747	next_progenitor	214772770.0	10	26	0.25421128	0.25421128	1	215	148.70116264452426	237.9428083484827
1498	270015	-0.3007303599999993	0.27914906	first_progenitor	194231730.0	1	26	0.26507303	0.26507303	0	115	11.587209947715946	16.373883513751156
1499	270017	-0.3007303599999993	0.27914906	next_progenitor	100879790.0	10	26	0.060859248	0.060859248	0	167	11.587209947715946	22.095989088284423
1500	204836	-0.3007303599999993	1.0667958	next_progenitor	198540270.0	10	26	0.18410005	0.18410005	0	337	23.42451108641456	221.3742069645543
1501	252223	-0.3007303599999993	1.1044464	next_progenitor	751497400.0	10	26	0.6036161	0.6036161	1	103	335.11217878691326	428.2241340246927
1502	274431	-0.3007303599999993	0.82433045	next_progenitor	444608670.0	10	26	0.18913963	0.18913963	0	64	136.96310785276899	202.07187104709737
1503	344044	-0.3007303599999993	0.46366033	next_progenitor	191357500.0	10	26	0.12121579	0.12121579	1	341	30.417155737479412	101.17124577121174
1504	380237	-0.3007303599999993	0.1268746	first_progenitor	85086330.0	1	26	0.03012233	0.03012233	0	683	41.65813845706184	259.14024457734195
