Subfind_ID	t-t_merg	q	Type	mass
7306	-0.12333165999999984	0.1530182	first_progenitor	20986830.0
7451	-0.12333165999999984	0.1530182	next_progenitor	0.0
20	-0.12333165999999984	1.3299716	first_progenitor	20443992.0
3	-0.12333165999999984	1.3299716	next_progenitor	1122900600.0
3857	-0.12333165999999984	0.17629203	first_progenitor	0.0
3858	-0.12333165999999984	0.17629203	next_progenitor	0.0
20065	-0.12333165999999984	0.4849094	first_progenitor	0.0
20064	-0.12333165999999984	0.4849094	next_progenitor	0.0
104321	-0.12333165999999984	0.14059693	first_progenitor	570235.44
104324	-0.12333165999999984	0.14059693	next_progenitor	142970.84
16921	-0.12333165999999984	1.1987244	first_progenitor	0.0
16919	-0.12333165999999984	1.1987244	next_progenitor	0.0
16922	-0.12333165999999984	0.15810049	first_progenitor	0.0
16942	-0.12333165999999984	0.15810049	next_progenitor	0.0
40346	-0.12333165999999984	0.12706804	first_progenitor	0.0
40351	-0.12333165999999984	0.12706804	next_progenitor	0.0
154662	-0.12333165999999984	0.16321272	first_progenitor	12450406.0
154665	-0.12333165999999984	0.16321272	next_progenitor	27561352.0
52541	-0.12333165999999984	1.1867036	first_progenitor	127072.734
52539	-0.12333165999999984	1.1867036	next_progenitor	0.0
17926	-0.12333165999999984	0.15965655	first_progenitor	3167611.5
17927	-0.12333165999999984	0.15965655	next_progenitor	1912668.9
28546	-0.12333165999999984	0.21716017	first_progenitor	0.0
28595	-0.12333165999999984	0.21716017	next_progenitor	75856.27
75034	-0.12333165999999984	0.35067666	first_progenitor	0.0
98723	-0.12333165999999984	0.35067666	next_progenitor	0.0
75035	-0.12333165999999984	0.18657786	first_progenitor	0.0
75148	-0.12333165999999984	0.18657786	next_progenitor	0.0
155590	-0.12333165999999984	0.1271104	first_progenitor	0.0
155597	-0.12333165999999984	0.1271104	next_progenitor	286502.38
26183	-0.12333165999999984	0.45094848	first_progenitor	176795.45
26184	-0.12333165999999984	0.45094848	next_progenitor	41754.86
51224	-0.12333165999999984	0.5489014	first_progenitor	0.0
44832	-0.12333165999999984	0.5489014	next_progenitor	0.0
31632	-0.12333165999999984	0.22604515	first_progenitor	0.0
31634	-0.12333165999999984	0.22604515	next_progenitor	0.0
23450	-0.12333165999999984	0.17296791	first_progenitor	0.0
23454	-0.12333165999999984	0.17296791	next_progenitor	0.0
118283	-0.12333165999999984	0.13685817	first_progenitor	0.0
118285	-0.12333165999999984	0.13685817	next_progenitor	49880.766
134280	-0.12333165999999984	0.9148927	first_progenitor	0.0
134283	-0.12333165999999984	0.9148927	next_progenitor	50387.027
37157	-0.12333165999999984	0.12126529	first_progenitor	0.0
37158	-0.12333165999999984	0.12126529	next_progenitor	338515.16
40044	-0.12333165999999984	0.2321804	first_progenitor	0.0
40060	-0.12333165999999984	0.2321804	next_progenitor	0.0
43413	-0.12333165999999984	0.104748584	first_progenitor	0.0
43528	-0.12333165999999984	0.104748584	next_progenitor	73823.516
45168	-0.12333165999999984	0.21622615	first_progenitor	79488.75
45170	-0.12333165999999984	0.21622615	next_progenitor	89629.78
42280	-0.12333165999999984	0.13993666	first_progenitor	0.0
42282	-0.12333165999999984	0.13993666	next_progenitor	0.0
90490	-0.12333165999999984	0.13800687	first_progenitor	574218.25
90504	-0.12333165999999984	0.13800687	next_progenitor	157221.0
51908	-0.12333165999999984	0.5081277	first_progenitor	0.0
51914	-0.12333165999999984	0.5081277	next_progenitor	0.0
63147	-0.12333165999999984	1.1564605	first_progenitor	0.0
63226	-0.12333165999999984	1.1564605	next_progenitor	0.0
236873	-0.12333165999999984	0.98805594	first_progenitor	0.0
236871	-0.12333165999999984	0.98805594	next_progenitor	0.0
59160	-0.12333165999999984	0.17998552	first_progenitor	0.0
59164	-0.12333165999999984	0.17998552	next_progenitor	68460.85
51690	-0.12333165999999984	0.37269524	first_progenitor	0.0
51695	-0.12333165999999984	0.37269524	next_progenitor	129062.34
56460	-0.12333165999999984	1.1812795	first_progenitor	0.0
56456	-0.12333165999999984	1.1812795	next_progenitor	0.0
56839	-0.12333165999999984	0.19725642	first_progenitor	0.0
56860	-0.12333165999999984	0.19725642	next_progenitor	18783580.0
56840	-0.12333165999999984	0.1589419	first_progenitor	0.0
56849	-0.12333165999999984	0.1589419	next_progenitor	0.0
79139	-0.12333165999999984	0.14213055	first_progenitor	0.0
79140	-0.12333165999999984	0.14213055	next_progenitor	0.0
147790	-0.12333165999999984	0.15871008	first_progenitor	0.0
147827	-0.12333165999999984	0.15871008	next_progenitor	0.0
208343	-0.12333165999999984	0.14361958	first_progenitor	0.0
208347	-0.12333165999999984	0.14361958	next_progenitor	30321.322
57659	-0.12333165999999984	1.8822234	first_progenitor	43687.89
57640	-0.12333165999999984	1.8822234	next_progenitor	0.0
50942	-0.12333165999999984	1.3812351	first_progenitor	142388.25
50931	-0.12333165999999984	1.3812351	next_progenitor	446059.44
66993	-0.12333165999999984	1.2231094	first_progenitor	0.0
66990	-0.12333165999999984	1.2231094	next_progenitor	45163.383
220124	-0.12333165999999984	0.14399566	first_progenitor	0.0
220125	-0.12333165999999984	0.14399566	next_progenitor	0.0
142405	-0.12333165999999984	0.7053718	first_progenitor	219708.22
142404	-0.12333165999999984	0.7053718	next_progenitor	0.0
75249	-0.12333165999999984	0.12151616	first_progenitor	49838.652
75253	-0.12333165999999984	0.12151616	next_progenitor	45614.03
76614	-0.12333165999999984	0.12680398	first_progenitor	0.0
64612	-0.12333165999999984	0.12680398	next_progenitor	0.0
71802	-0.12333165999999984	0.2957901	first_progenitor	3515677.0
71803	-0.12333165999999984	0.2957901	next_progenitor	532415.6
94746	-0.12333165999999984	0.3149871	first_progenitor	0.0
94749	-0.12333165999999984	0.3149871	next_progenitor	0.0
85041	-0.12333165999999984	0.1286916	first_progenitor	0.0
85051	-0.12333165999999984	0.1286916	next_progenitor	65060.93
124879	-0.12333165999999984	0.219297	first_progenitor	0.0
124885	-0.12333165999999984	0.219297	next_progenitor	0.0
167087	-0.12333165999999984	0.12505047	first_progenitor	0.0
167095	-0.12333165999999984	0.12505047	next_progenitor	0.0
89990	-0.12333165999999984	0.4335938	first_progenitor	0.0
75864	-0.12333165999999984	0.4335938	next_progenitor	0.0
69193	-0.12333165999999984	0.22735582	first_progenitor	0.0
69214	-0.12333165999999984	0.22735582	next_progenitor	0.0
97759	-0.12333165999999984	1.665276	first_progenitor	0.0
97758	-0.12333165999999984	1.665276	next_progenitor	0.0
150046	-0.12333165999999984	1.8976653	first_progenitor	0.0
154241	-0.12333165999999984	1.8976653	next_progenitor	0.0
129787	-0.12333165999999984	0.42606497	first_progenitor	0.0
117176	-0.12333165999999984	0.42606497	next_progenitor	0.0
72062	-0.12333165999999984	0.100475706	first_progenitor	0.0
72067	-0.12333165999999984	0.100475706	next_progenitor	0.0
99410	-0.12333165999999984	0.34445712	first_progenitor	2546204.2
99411	-0.12333165999999984	0.34445712	next_progenitor	2925981.2
172362	-0.12333165999999984	1.5396634	first_progenitor	46730.22
172361	-0.12333165999999984	1.5396634	next_progenitor	0.0
80317	-0.12333165999999984	0.10522253	first_progenitor	0.0
80320	-0.12333165999999984	0.10522253	next_progenitor	58223.234
86356	-0.12333165999999984	0.2427872	first_progenitor	0.0
86360	-0.12333165999999984	0.2427872	next_progenitor	0.0
138167	-0.12333165999999984	0.12899448	first_progenitor	116905.53
138172	-0.12333165999999984	0.12899448	next_progenitor	130564.33
179647	-0.12333165999999984	0.12692569	first_progenitor	0.0
179650	-0.12333165999999984	0.12692569	next_progenitor	0.0
104540	-0.12333165999999984	0.3887419	first_progenitor	0.0
93503	-0.12333165999999984	0.3887419	next_progenitor	0.0
84603	-0.12333165999999984	1.4452353	first_progenitor	0.0
84601	-0.12333165999999984	1.4452353	next_progenitor	0.0
164149	-0.12333165999999984	0.7744155	first_progenitor	0.0
164147	-0.12333165999999984	0.7744155	next_progenitor	0.0
103652	-0.12333165999999984	0.78345644	first_progenitor	0.0
93649	-0.12333165999999984	0.78345644	next_progenitor	125076.47
89060	-0.12333165999999984	0.1328693	first_progenitor	0.0
76457	-0.12333165999999984	0.1328693	next_progenitor	0.0
86281	-0.12333165999999984	0.1127556	first_progenitor	0.0
86288	-0.12333165999999984	0.1127556	next_progenitor	0.0
91222	-0.12333165999999984	0.5380156	first_progenitor	0.0
91225	-0.12333165999999984	0.5380156	next_progenitor	0.0
95734	-0.12333165999999984	0.38072437	first_progenitor	0.0
157156	-0.12333165999999984	0.38072437	next_progenitor	0.0
180313	-0.12333165999999984	0.64713323	first_progenitor	0.0
180322	-0.12333165999999984	0.64713323	next_progenitor	441029.88
95269	-0.12333165999999984	0.10013393	first_progenitor	0.0
95270	-0.12333165999999984	0.10013393	next_progenitor	0.0
145146	-0.12333165999999984	0.16991346	first_progenitor	0.0
145147	-0.12333165999999984	0.16991346	next_progenitor	0.0
115806	-0.12333165999999984	0.30714294	first_progenitor	0.0
115809	-0.12333165999999984	0.30714294	next_progenitor	0.0
107471	-0.12333165999999984	0.18243095	first_progenitor	0.0
107472	-0.12333165999999984	0.18243095	next_progenitor	0.0
82726	-0.12333165999999984	1.2501101	first_progenitor	0.0
97635	-0.12333165999999984	1.2501101	next_progenitor	42733.18
99734	-0.12333165999999984	0.19236611	first_progenitor	205484.1
99737	-0.12333165999999984	0.19236611	next_progenitor	0.0
112924	-0.12333165999999984	0.8275395	first_progenitor	0.0
123882	-0.12333165999999984	0.8275395	next_progenitor	0.0
137215	-0.12333165999999984	0.2283561	first_progenitor	0.0
137218	-0.12333165999999984	0.2283561	next_progenitor	0.0
121225	-0.12333165999999984	0.24598503	first_progenitor	0.0
121237	-0.12333165999999984	0.24598503	next_progenitor	100048.05
218068	-0.12333165999999984	0.9590222	first_progenitor	0.0
218067	-0.12333165999999984	0.9590222	next_progenitor	0.0
187729	-0.12333165999999984	5.3786297	first_progenitor	0.0
167774	-0.12333165999999984	5.3786297	next_progenitor	0.0
114082	-0.12333165999999984	0.27275795	first_progenitor	131347.45
114096	-0.12333165999999984	0.27275795	next_progenitor	92321.484
119406	-0.12333165999999984	0.12011098	first_progenitor	0.0
119410	-0.12333165999999984	0.12011098	next_progenitor	144013.28
125536	-0.12333165999999984	0.1160916	first_progenitor	856113.44
125543	-0.12333165999999984	0.1160916	next_progenitor	72053.836
148784	-0.12333165999999984	0.5584728	first_progenitor	0.0
148796	-0.12333165999999984	0.5584728	next_progenitor	117992.695
81081	-0.12333165999999984	0.61032504	first_progenitor	60030.477
81086	-0.12333165999999984	0.61032504	next_progenitor	0.0
137760	-0.12333165999999984	0.7802133	first_progenitor	0.0
137763	-0.12333165999999984	0.7802133	next_progenitor	0.0
119360	-0.12333165999999984	0.26185063	first_progenitor	197222.62
119361	-0.12333165999999984	0.26185063	next_progenitor	120406.65
193640	-0.12333165999999984	0.9343839	first_progenitor	0.0
193639	-0.12333165999999984	0.9343839	next_progenitor	0.0
167777	-0.12333165999999984	0.1567398	first_progenitor	0.0
167778	-0.12333165999999984	0.1567398	next_progenitor	0.0
115077	-0.12333165999999984	0.1055933	first_progenitor	0.0
115086	-0.12333165999999984	0.1055933	next_progenitor	0.0
234692	-0.12333165999999984	0.19652848	first_progenitor	244735.6
234695	-0.12333165999999984	0.19652848	next_progenitor	309450.38
115270	-0.12333165999999984	0.33048493	first_progenitor	0.0
115271	-0.12333165999999984	0.33048493	next_progenitor	0.0
116788	-0.12333165999999984	0.44112772	first_progenitor	0.0
111085	-0.12333165999999984	0.44112772	next_progenitor	0.0
113402	-0.12333165999999984	0.24477272	first_progenitor	376501.7
113405	-0.12333165999999984	0.24477272	next_progenitor	33772.312
113409	-0.12333165999999984	1.8088146	first_progenitor	48785.26
113403	-0.12333165999999984	1.8088146	next_progenitor	0.0
133574	-0.12333165999999984	0.29659918	first_progenitor	130430.48
133575	-0.12333165999999984	0.29659918	next_progenitor	0.0
147894	-0.12333165999999984	0.7884897	first_progenitor	0.0
147896	-0.12333165999999984	0.7884897	next_progenitor	93239.38
128423	-0.12333165999999984	0.105796225	first_progenitor	0.0
128427	-0.12333165999999984	0.105796225	next_progenitor	0.0
127450	-0.12333165999999984	0.17304434	first_progenitor	252963.38
127451	-0.12333165999999984	0.17304434	next_progenitor	0.0
229615	-0.12333165999999984	0.17773592	first_progenitor	573778.06
229623	-0.12333165999999984	0.17773592	next_progenitor	0.0
121573	-0.12333165999999984	1.3182055	first_progenitor	5145367.0
121572	-0.12333165999999984	1.3182055	next_progenitor	371158.28
162006	-0.12333165999999984	0.3791502	first_progenitor	0.0
162010	-0.12333165999999984	0.3791502	next_progenitor	0.0
143724	-0.12333165999999984	0.30091044	first_progenitor	173749.06
143736	-0.12333165999999984	0.30091044	next_progenitor	0.0
118955	-0.12333165999999984	0.751954	first_progenitor	0.0
118952	-0.12333165999999984	0.751954	next_progenitor	0.0
240419	-0.12333165999999984	0.6243965	first_progenitor	0.0
240421	-0.12333165999999984	0.6243965	next_progenitor	0.0
157700	-0.12333165999999984	0.81424093	first_progenitor	0.0
157699	-0.12333165999999984	0.81424093	next_progenitor	56692.086
144890	-0.12333165999999984	0.32446644	first_progenitor	0.0
144891	-0.12333165999999984	0.32446644	next_progenitor	95435.08
112031	-0.12333165999999984	1.4720707	first_progenitor	0.0
112001	-0.12333165999999984	1.4720707	next_progenitor	0.0
136555	-0.12333165999999984	0.8117318	first_progenitor	0.0
136554	-0.12333165999999984	0.8117318	next_progenitor	0.0
121439	-0.12333165999999984	0.5019487	first_progenitor	0.0
121442	-0.12333165999999984	0.5019487	next_progenitor	15321329.0
118498	-0.12333165999999984	0.11394075	first_progenitor	0.0
118501	-0.12333165999999984	0.11394075	next_progenitor	0.0
144814	-0.12333165999999984	0.2287899	first_progenitor	0.0
144822	-0.12333165999999984	0.2287899	next_progenitor	199996.66
171661	-0.12333165999999984	1.0392144	first_progenitor	37028.246
171660	-0.12333165999999984	1.0392144	next_progenitor	276575.53
149109	-0.12333165999999984	0.39483568	first_progenitor	0.0
149111	-0.12333165999999984	0.39483568	next_progenitor	0.0
150080	-0.12333165999999984	0.16905646	first_progenitor	207151.5
150082	-0.12333165999999984	0.16905646	next_progenitor	0.0
142716	-0.12333165999999984	0.24565482	first_progenitor	0.0
142717	-0.12333165999999984	0.24565482	next_progenitor	145826.28
153603	-0.12333165999999984	0.14249282	first_progenitor	0.0
153606	-0.12333165999999984	0.14249282	next_progenitor	0.0
131150	-0.12333165999999984	0.38960674	first_progenitor	60001.934
131151	-0.12333165999999984	0.38960674	next_progenitor	0.0
140207	-0.12333165999999984	0.11732625	first_progenitor	0.0
140213	-0.12333165999999984	0.11732625	next_progenitor	110606.95
135537	-0.12333165999999984	0.15276721	first_progenitor	0.0
125235	-0.12333165999999984	0.15276721	next_progenitor	201528.67
131906	-0.12333165999999984	0.17346352	first_progenitor	13781896.0
131930	-0.12333165999999984	0.17346352	next_progenitor	271384.72
160750	-0.12333165999999984	0.11744245	first_progenitor	60772.18
147922	-0.12333165999999984	0.11744245	next_progenitor	0.0
189283	-0.12333165999999984	0.10093919	first_progenitor	0.0
189293	-0.12333165999999984	0.10093919	next_progenitor	330812100.0
159218	-0.12333165999999984	0.24381013	first_progenitor	0.0
159221	-0.12333165999999984	0.24381013	next_progenitor	0.0
182874	-0.12333165999999984	0.19650094	first_progenitor	51521.51
182875	-0.12333165999999984	0.19650094	next_progenitor	84505.586
150418	-0.12333165999999984	0.19910753	first_progenitor	453197.84
150422	-0.12333165999999984	0.19910753	next_progenitor	57751.195
145440	-0.12333165999999984	0.13951783	first_progenitor	0.0
145457	-0.12333165999999984	0.13951783	next_progenitor	0.0
148867	-0.12333165999999984	0.19330448	first_progenitor	50443.805
148874	-0.12333165999999984	0.19330448	next_progenitor	0.0
150311	-0.12333165999999984	0.21597111	first_progenitor	0.0
150312	-0.12333165999999984	0.21597111	next_progenitor	0.0
147966	-0.12333165999999984	0.2876109	first_progenitor	44651.305
147967	-0.12333165999999984	0.2876109	next_progenitor	63354.29
197658	-0.12333165999999984	0.43848076	first_progenitor	0.0
197662	-0.12333165999999984	0.43848076	next_progenitor	0.0
154799	-0.12333165999999984	0.7585597	first_progenitor	0.0
154805	-0.12333165999999984	0.7585597	next_progenitor	54262.79
227162	-0.12333165999999984	1.1965251	first_progenitor	0.0
227159	-0.12333165999999984	1.1965251	next_progenitor	0.0
160343	-0.12333165999999984	0.3794365	first_progenitor	116914.516
160344	-0.12333165999999984	0.3794365	next_progenitor	124350.51
148942	-0.12333165999999984	0.23387985	first_progenitor	0.0
148943	-0.12333165999999984	0.23387985	next_progenitor	0.0
194860	-0.12333165999999984	0.18826133	first_progenitor	0.0
194863	-0.12333165999999984	0.18826133	next_progenitor	0.0
174548	-0.12333165999999984	0.15256752	first_progenitor	597236.75
174549	-0.12333165999999984	0.15256752	next_progenitor	296619.84
155099	-0.12333165999999984	0.19248043	first_progenitor	0.0
155102	-0.12333165999999984	0.19248043	next_progenitor	0.0
163323	-0.12333165999999984	0.17534265	first_progenitor	0.0
163325	-0.12333165999999984	0.17534265	next_progenitor	0.0
201474	-0.12333165999999984	0.10342529	first_progenitor	972732.5
201476	-0.12333165999999984	0.10342529	next_progenitor	2187545.8
156611	-0.12333165999999984	0.49112055	first_progenitor	0.0
142729	-0.12333165999999984	0.49112055	next_progenitor	0.0
172930	-0.12333165999999984	1.986596	first_progenitor	0.0
172938	-0.12333165999999984	1.986596	next_progenitor	598766.06
204068	-0.12333165999999984	0.10566812	first_progenitor	0.0
204071	-0.12333165999999984	0.10566812	next_progenitor	0.0
156177	-0.12333165999999984	0.11745986	first_progenitor	0.0
156186	-0.12333165999999984	0.11745986	next_progenitor	0.0
162480	-0.12333165999999984	0.9527331	first_progenitor	0.0
150185	-0.12333165999999984	0.9527331	next_progenitor	0.0
163400	-0.12333165999999984	0.10352982	first_progenitor	0.0
163402	-0.12333165999999984	0.10352982	next_progenitor	0.0
245359	-0.12333165999999984	0.13815458	first_progenitor	0.0
245365	-0.12333165999999984	0.13815458	next_progenitor	0.0
191195	-0.12333165999999984	0.10677141	first_progenitor	435272.28
191215	-0.12333165999999984	0.10677141	next_progenitor	50674.188
170348	-0.12333165999999984	0.24123096	first_progenitor	0.0
170372	-0.12333165999999984	0.24123096	next_progenitor	0.0
179707	-0.12333165999999984	0.15482742	first_progenitor	0.0
179720	-0.12333165999999984	0.15482742	next_progenitor	0.0
262537	-0.12333165999999984	0.40497983	first_progenitor	361564.1
262539	-0.12333165999999984	0.40497983	next_progenitor	4009605.2
160962	-0.12333165999999984	0.2962084	first_progenitor	224737.38
160969	-0.12333165999999984	0.2962084	next_progenitor	169070.2
177379	-0.12333165999999984	0.24342597	first_progenitor	0.0
177383	-0.12333165999999984	0.24342597	next_progenitor	0.0
167883	-0.12333165999999984	0.27464902	first_progenitor	76747.1
167903	-0.12333165999999984	0.27464902	next_progenitor	0.0
174236	-0.12333165999999984	0.15846248	first_progenitor	0.0
174237	-0.12333165999999984	0.15846248	next_progenitor	0.0
201978	-0.12333165999999984	1.1019766	first_progenitor	41661.08
213396	-0.12333165999999984	1.1019766	next_progenitor	0.0
180003	-0.12333165999999984	0.5324958	first_progenitor	0.0
180004	-0.12333165999999984	0.5324958	next_progenitor	0.0
178213	-0.12333165999999984	0.202916	first_progenitor	0.0
178214	-0.12333165999999984	0.202916	next_progenitor	0.0
168748	-0.12333165999999984	0.65609956	first_progenitor	422577920.0
168723	-0.12333165999999984	0.65609956	next_progenitor	0.0
177656	-0.12333165999999984	0.4653713	first_progenitor	0.0
177658	-0.12333165999999984	0.4653713	next_progenitor	0.0
168094	-0.12333165999999984	0.9828699	first_progenitor	49674.11
168093	-0.12333165999999984	0.9828699	next_progenitor	0.0
180561	-0.12333165999999984	0.10760956	first_progenitor	46233.99
180563	-0.12333165999999984	0.10760956	next_progenitor	140372.73
230892	-0.12333165999999984	0.1320939	first_progenitor	101661.375
230893	-0.12333165999999984	0.1320939	next_progenitor	0.0
205295	-0.12333165999999984	0.85104305	first_progenitor	0.0
205293	-0.12333165999999984	0.85104305	next_progenitor	0.0
162864	-0.12333165999999984	0.22707772	first_progenitor	0.0
162865	-0.12333165999999984	0.22707772	next_progenitor	366027.56
179529	-0.12333165999999984	1.4144925	first_progenitor	80223260.0
179528	-0.12333165999999984	1.4144925	next_progenitor	79697030.0
196430	-0.12333165999999984	0.123782136	first_progenitor	163922.05
196433	-0.12333165999999984	0.123782136	next_progenitor	0.0
188477	-0.12333165999999984	0.17581078	first_progenitor	0.0
188481	-0.12333165999999984	0.17581078	next_progenitor	0.0
188067	-0.12333165999999984	0.34000733	first_progenitor	283263.22
188069	-0.12333165999999984	0.34000733	next_progenitor	614113.7
213778	-0.12333165999999984	0.6727321	first_progenitor	0.0
219681	-0.12333165999999984	0.6727321	next_progenitor	0.0
141032	-0.12333165999999984	0.26640224	first_progenitor	0.0
141042	-0.12333165999999984	0.26640224	next_progenitor	0.0
145931	-0.12333165999999984	1.9292839	first_progenitor	0.0
190927	-0.12333165999999984	1.9292839	next_progenitor	0.0
201654	-0.12333165999999984	0.20071515	first_progenitor	0.0
201664	-0.12333165999999984	0.20071515	next_progenitor	71716.195
183788	-0.12333165999999984	0.1908953	first_progenitor	0.0
183789	-0.12333165999999984	0.1908953	next_progenitor	0.0
199284	-0.12333165999999984	0.8720443	first_progenitor	0.0
199283	-0.12333165999999984	0.8720443	next_progenitor	0.0
178120	-0.12333165999999984	0.20662057	first_progenitor	0.0
178124	-0.12333165999999984	0.20662057	next_progenitor	0.0
228581	-0.12333165999999984	1.191545	first_progenitor	0.0
91445	-0.12333165999999984	1.191545	next_progenitor	0.0
220707	-0.12333165999999984	0.116252236	first_progenitor	54977.33
273922	-0.12333165999999984	0.116252236	next_progenitor	0.0
191061	-0.12333165999999984	0.69397265	first_progenitor	0.0
191063	-0.12333165999999984	0.69397265	next_progenitor	0.0
188990	-0.12333165999999984	0.13961567	first_progenitor	0.0
188991	-0.12333165999999984	0.13961567	next_progenitor	0.0
192999	-0.12333165999999984	0.15081955	first_progenitor	0.0
193001	-0.12333165999999984	0.15081955	next_progenitor	0.0
197291	-0.12333165999999984	0.14992566	first_progenitor	0.0
197294	-0.12333165999999984	0.14992566	next_progenitor	0.0
172475	-0.12333165999999984	0.14561331	first_progenitor	0.0
172476	-0.12333165999999984	0.14561331	next_progenitor	58103.363
185112	-0.12333165999999984	0.37447748	first_progenitor	646419.6
198017	-0.12333165999999984	0.37447748	next_progenitor	0.0
214517	-0.12333165999999984	0.34949166	first_progenitor	518429.38
282410	-0.12333165999999984	0.34949166	next_progenitor	0.0
261654	-0.12333165999999984	1.3422022	first_progenitor	0.0
261653	-0.12333165999999984	1.3422022	next_progenitor	0.0
212973	-0.12333165999999984	1.5665807	first_progenitor	35568384.0
212972	-0.12333165999999984	1.5665807	next_progenitor	2657039.8
173082	-0.12333165999999984	0.16845253	first_progenitor	0.0
173085	-0.12333165999999984	0.16845253	next_progenitor	0.0
189569	-0.12333165999999984	0.13609117	first_progenitor	0.0
172221	-0.12333165999999984	0.13609117	next_progenitor	135328.86
296054	-0.12333165999999984	0.15508147	first_progenitor	0.0
296055	-0.12333165999999984	0.15508147	next_progenitor	0.0
195431	-0.12333165999999984	0.20332018	first_progenitor	0.0
182964	-0.12333165999999984	0.20332018	next_progenitor	0.0
183757	-0.12333165999999984	0.2028179	first_progenitor	212990.72
183758	-0.12333165999999984	0.2028179	next_progenitor	0.0
183733	-0.12333165999999984	0.13375884	first_progenitor	0.0
183739	-0.12333165999999984	0.13375884	next_progenitor	770344.1
182371	-0.12333165999999984	0.116282456	first_progenitor	0.0
182373	-0.12333165999999984	0.116282456	next_progenitor	0.0
187543	-0.12333165999999984	0.12749697	first_progenitor	0.0
187545	-0.12333165999999984	0.12749697	next_progenitor	0.0
215108	-0.12333165999999984	0.9835454	first_progenitor	18551742.0
215109	-0.12333165999999984	0.9835454	next_progenitor	5517078.0
193595	-0.12333165999999984	1.7396197	first_progenitor	0.0
193594	-0.12333165999999984	1.7396197	next_progenitor	0.0
219790	-0.12333165999999984	0.7573869	first_progenitor	0.0
245133	-0.12333165999999984	0.7573869	next_progenitor	0.0
193676	-0.12333165999999984	0.47434038	first_progenitor	188240.56
193675	-0.12333165999999984	0.47434038	next_progenitor	0.0
186737	-0.12333165999999984	0.13754219	first_progenitor	0.0
186738	-0.12333165999999984	0.13754219	next_progenitor	320231.44
233375	-0.12333165999999984	0.2397592	first_progenitor	0.0
233383	-0.12333165999999984	0.2397592	next_progenitor	37365.535
242435	-0.12333165999999984	0.10776528	first_progenitor	0.0
242440	-0.12333165999999984	0.10776528	next_progenitor	2312531.2
210638	-0.12333165999999984	0.14886743	first_progenitor	0.0
210640	-0.12333165999999984	0.14886743	next_progenitor	0.0
202644	-0.12333165999999984	0.105707385	first_progenitor	0.0
286671	-0.12333165999999984	0.105707385	next_progenitor	149854.72
204520	-0.12333165999999984	2.748805	first_progenitor	0.0
204519	-0.12333165999999984	2.748805	next_progenitor	0.0
215720	-0.12333165999999984	0.45063323	first_progenitor	0.0
211510	-0.12333165999999984	0.45063323	next_progenitor	607395.56
192259	-0.12333165999999984	0.60420585	first_progenitor	0.0
192260	-0.12333165999999984	0.60420585	next_progenitor	0.0
199615	-0.12333165999999984	0.10806793	first_progenitor	0.0
199617	-0.12333165999999984	0.10806793	next_progenitor	0.0
201500	-0.12333165999999984	0.13163725	first_progenitor	110840.43
201502	-0.12333165999999984	0.13163725	next_progenitor	0.0
201823	-0.12333165999999984	0.30149528	first_progenitor	0.0
192201	-0.12333165999999984	0.30149528	next_progenitor	0.0
145513	-0.12333165999999984	0.20854817	first_progenitor	0.0
145518	-0.12333165999999984	0.20854817	next_progenitor	0.0
204143	-0.12333165999999984	0.34664777	first_progenitor	0.0
204145	-0.12333165999999984	0.34664777	next_progenitor	0.0
201616	-0.12333165999999984	0.10802997	first_progenitor	0.0
201625	-0.12333165999999984	0.10802997	next_progenitor	0.0
202562	-0.12333165999999984	0.1587795	first_progenitor	118354.57
202569	-0.12333165999999984	0.1587795	next_progenitor	0.0
213823	-0.12333165999999984	0.11080337	first_progenitor	49380.184
213825	-0.12333165999999984	0.11080337	next_progenitor	52968.77
219449	-0.12333165999999984	0.24703382	first_progenitor	0.0
219466	-0.12333165999999984	0.24703382	next_progenitor	49921.926
211848	-0.12333165999999984	1.069222	first_progenitor	0.0
214908	-0.12333165999999984	1.069222	next_progenitor	0.0
205998	-0.12333165999999984	0.10236294	first_progenitor	0.0
206002	-0.12333165999999984	0.10236294	next_progenitor	0.0
220979	-0.12333165999999984	0.13578679	first_progenitor	0.0
220981	-0.12333165999999984	0.13578679	next_progenitor	0.0
230337	-0.12333165999999984	0.10978709	first_progenitor	0.0
230340	-0.12333165999999984	0.10978709	next_progenitor	0.0
219893	-0.12333165999999984	0.2866743	first_progenitor	0.0
219894	-0.12333165999999984	0.2866743	next_progenitor	0.0
206186	-0.12333165999999984	0.34430936	first_progenitor	61871.594
206189	-0.12333165999999984	0.34430936	next_progenitor	0.0
218672	-0.12333165999999984	0.124241896	first_progenitor	0.0
218685	-0.12333165999999984	0.124241896	next_progenitor	85593.69
227217	-0.12333165999999984	0.21113187	first_progenitor	0.0
227218	-0.12333165999999984	0.21113187	next_progenitor	0.0
205947	-0.12333165999999984	0.34802893	first_progenitor	139908.75
205948	-0.12333165999999984	0.34802893	next_progenitor	38440.707
220536	-0.12333165999999984	0.10861398	first_progenitor	268828.34
220541	-0.12333165999999984	0.10861398	next_progenitor	0.0
209827	-0.12333165999999984	0.10371869	first_progenitor	0.0
209839	-0.12333165999999984	0.10371869	next_progenitor	0.0
208440	-0.12333165999999984	0.5252618	first_progenitor	0.0
208442	-0.12333165999999984	0.5252618	next_progenitor	69240900.0
225851	-0.12333165999999984	0.2973101	first_progenitor	336475.44
225853	-0.12333165999999984	0.2973101	next_progenitor	340708.8
202262	-0.12333165999999984	0.10946444	first_progenitor	0.0
202263	-0.12333165999999984	0.10946444	next_progenitor	0.0
219034	-0.12333165999999984	0.12901226	first_progenitor	254408.67
219045	-0.12333165999999984	0.12901226	next_progenitor	47602.43
210453	-0.12333165999999984	0.14784664	first_progenitor	0.0
210455	-0.12333165999999984	0.14784664	next_progenitor	0.0
256182	-0.12333165999999984	1.1480478	first_progenitor	0.0
256181	-0.12333165999999984	1.1480478	next_progenitor	0.0
221079	-0.12333165999999984	0.28901488	first_progenitor	0.0
221080	-0.12333165999999984	0.28901488	next_progenitor	71954.555
215495	-0.12333165999999984	0.32258013	first_progenitor	0.0
215499	-0.12333165999999984	0.32258013	next_progenitor	0.0
226392	-0.12333165999999984	0.13533312	first_progenitor	0.0
226403	-0.12333165999999984	0.13533312	next_progenitor	234540.53
256163	-0.12333165999999984	0.13149771	first_progenitor	0.0
256166	-0.12333165999999984	0.13149771	next_progenitor	0.0
227504	-0.12333165999999984	0.3678164	first_progenitor	0.0
227505	-0.12333165999999984	0.3678164	next_progenitor	0.0
235686	-0.12333165999999984	0.14827915	first_progenitor	0.0
235696	-0.12333165999999984	0.14827915	next_progenitor	0.0
225687	-0.12333165999999984	0.11973016	first_progenitor	0.0
225692	-0.12333165999999984	0.11973016	next_progenitor	197137200.0
217057	-0.12333165999999984	0.1866881	first_progenitor	116953.734
217060	-0.12333165999999984	0.1866881	next_progenitor	34543.793
217420	-0.12333165999999984	0.11586158	first_progenitor	0.0
217428	-0.12333165999999984	0.11586158	next_progenitor	0.0
225245	-0.12333165999999984	0.9926744	first_progenitor	0.0
225244	-0.12333165999999984	0.9926744	next_progenitor	317658.94
272735	-0.12333165999999984	1.4537239	first_progenitor	0.0
272734	-0.12333165999999984	1.4537239	next_progenitor	47469.707
231380	-0.12333165999999984	0.3413975	first_progenitor	0.0
231381	-0.12333165999999984	0.3413975	next_progenitor	46219.9
252310	-0.12333165999999984	0.108499005	first_progenitor	0.0
252323	-0.12333165999999984	0.108499005	next_progenitor	0.0
244546	-0.12333165999999984	0.10961462	first_progenitor	0.0
244547	-0.12333165999999984	0.10961462	next_progenitor	0.0
225515	-0.12333165999999984	0.10514384	first_progenitor	0.0
225518	-0.12333165999999984	0.10514384	next_progenitor	0.0
213331	-0.12333165999999984	0.33521524	first_progenitor	0.0
213332	-0.12333165999999984	0.33521524	next_progenitor	0.0
232237	-0.12333165999999984	0.104727514	first_progenitor	49159.37
232240	-0.12333165999999984	0.104727514	next_progenitor	868388.6
274570	-0.12333165999999984	0.16136223	first_progenitor	0.0
274571	-0.12333165999999984	0.16136223	next_progenitor	0.0
213215	-0.12333165999999984	0.44386527	first_progenitor	225886.05
213216	-0.12333165999999984	0.44386527	next_progenitor	124508.92
245418	-0.12333165999999984	0.10662188	first_progenitor	113938910.0
231189	-0.12333165999999984	0.10662188	next_progenitor	218354.2
243800	-0.12333165999999984	1.0387528	first_progenitor	0.0
243799	-0.12333165999999984	1.0387528	next_progenitor	0.0
238850	-0.12333165999999984	0.18343599	first_progenitor	0.0
238851	-0.12333165999999984	0.18343599	next_progenitor	0.0
226241	-0.12333165999999984	0.31202406	first_progenitor	77152.65
226242	-0.12333165999999984	0.31202406	next_progenitor	0.0
239919	-0.12333165999999984	0.7055422	first_progenitor	0.0
239921	-0.12333165999999984	0.7055422	next_progenitor	169479.19
246816	-0.12333165999999984	0.8387369	first_progenitor	146245.2
246817	-0.12333165999999984	0.8387369	next_progenitor	127092.71
259055	-0.12333165999999984	0.2033257	first_progenitor	0.0
259056	-0.12333165999999984	0.2033257	next_progenitor	0.0
251252	-0.12333165999999984	0.10022634	first_progenitor	0.0
251258	-0.12333165999999984	0.10022634	next_progenitor	0.0
249395	-0.12333165999999984	0.1570689	first_progenitor	53911.773
249403	-0.12333165999999984	0.1570689	next_progenitor	187296.08
270007	-0.12333165999999984	0.18228334	first_progenitor	0.0
270009	-0.12333165999999984	0.18228334	next_progenitor	0.0
240567	-0.12333165999999984	0.2467124	first_progenitor	0.0
240573	-0.12333165999999984	0.2467124	next_progenitor	58133.535
250316	-0.12333165999999984	1.1285344	first_progenitor	0.0
250315	-0.12333165999999984	1.1285344	next_progenitor	0.0
245657	-0.12333165999999984	0.19186448	first_progenitor	0.0
245656	-0.12333165999999984	0.19186448	next_progenitor	0.0
242715	-0.12333165999999984	0.11438062	first_progenitor	0.0
242717	-0.12333165999999984	0.11438062	next_progenitor	0.0
236325	-0.12333165999999984	0.16560163	first_progenitor	0.0
218807	-0.12333165999999984	0.16560163	next_progenitor	0.0
248356	-0.12333165999999984	0.23064263	first_progenitor	0.0
248357	-0.12333165999999984	0.23064263	next_progenitor	0.0
263227	-0.12333165999999984	0.28259218	first_progenitor	0.0
263228	-0.12333165999999984	0.28259218	next_progenitor	0.0
272200	-0.12333165999999984	0.14596501	first_progenitor	0.0
272201	-0.12333165999999984	0.14596501	next_progenitor	0.0
264995	-0.12333165999999984	0.21271916	first_progenitor	0.0
264996	-0.12333165999999984	0.21271916	next_progenitor	0.0
245896	-0.12333165999999984	0.21281213	first_progenitor	0.0
245898	-0.12333165999999984	0.21281213	next_progenitor	0.0
249178	-0.12333165999999984	0.12026916	first_progenitor	0.0
249186	-0.12333165999999984	0.12026916	next_progenitor	31690.19
239482	-0.12333165999999984	0.14552169	first_progenitor	0.0
239485	-0.12333165999999984	0.14552169	next_progenitor	0.0
252382	-0.12333165999999984	0.12539025	first_progenitor	0.0
252388	-0.12333165999999984	0.12539025	next_progenitor	157639580.0
257582	-0.12333165999999984	0.43025035	first_progenitor	0.0
257583	-0.12333165999999984	0.43025035	next_progenitor	33659.492
268175	-0.12333165999999984	0.13516487	first_progenitor	46392.87
251331	-0.12333165999999984	0.13516487	next_progenitor	474697.75
248545	-0.12333165999999984	0.16131617	first_progenitor	0.0
248547	-0.12333165999999984	0.16131617	next_progenitor	745607.3
258752	-0.12333165999999984	0.27057737	first_progenitor	0.0
258753	-0.12333165999999984	0.27057737	next_progenitor	0.0
254614	-0.12333165999999984	0.14899018	first_progenitor	0.0
254615	-0.12333165999999984	0.14899018	next_progenitor	251666.33
268049	-0.12333165999999984	0.3256388	first_progenitor	0.0
268053	-0.12333165999999984	0.3256388	next_progenitor	0.0
239051	-0.12333165999999984	0.13388646	first_progenitor	0.0
239059	-0.12333165999999984	0.13388646	next_progenitor	181556830.0
261856	-0.12333165999999984	0.27590132	first_progenitor	0.0
261858	-0.12333165999999984	0.27590132	next_progenitor	0.0
251186	-0.12333165999999984	0.56335866	first_progenitor	0.0
251189	-0.12333165999999984	0.56335866	next_progenitor	45726.9
258831	-0.12333165999999984	0.10279903	first_progenitor	0.0
258833	-0.12333165999999984	0.10279903	next_progenitor	0.0
238873	-0.12333165999999984	0.32808965	first_progenitor	309010.25
238874	-0.12333165999999984	0.32808965	next_progenitor	211351.1
220331	-0.12333165999999984	1.2379225	first_progenitor	323667.28
220330	-0.12333165999999984	1.2379225	next_progenitor	0.0
268237	-0.12333165999999984	0.12028624	first_progenitor	0.0
268238	-0.12333165999999984	0.12028624	next_progenitor	0.0
268674	-0.12333165999999984	1.152606	first_progenitor	1773634.1
268673	-0.12333165999999984	1.152606	next_progenitor	1019349.2
280324	-0.12333165999999984	0.18490657	first_progenitor	0.0
280340	-0.12333165999999984	0.18490657	next_progenitor	0.0
267148	-0.12333165999999984	0.26583633	first_progenitor	519657.97
267149	-0.12333165999999984	0.26583633	next_progenitor	0.0
264009	-0.12333165999999984	0.11426791	first_progenitor	0.0
264010	-0.12333165999999984	0.11426791	next_progenitor	0.0
298468	-0.12333165999999984	0.23424494	first_progenitor	51807404.0
298469	-0.12333165999999984	0.23424494	next_progenitor	265560.3
283833	-0.12333165999999984	0.11296007	first_progenitor	350014.7
283835	-0.12333165999999984	0.11296007	next_progenitor	50970.812
263855	-0.12333165999999984	0.14488652	first_progenitor	0.0
263856	-0.12333165999999984	0.14488652	next_progenitor	0.0
283137	-0.12333165999999984	0.22514543	first_progenitor	0.0
283141	-0.12333165999999984	0.22514543	next_progenitor	71515.64
