Subfind_ID	t-t_merg	q	Type	mass
234998	-0.09229752999999974	0.24374591	first_progenitor	224039.16
235002	-0.09229752999999974	0.24374591	next_progenitor	0.0
11	-0.09229752999999974	0.27874482	first_progenitor	304146620.0
77	-0.09229752999999974	0.27874482	next_progenitor	3516092.8
6079	-0.09229752999999974	0.14707401	first_progenitor	0.0
6096	-0.09229752999999974	0.14707401	next_progenitor	0.0
24914	-0.09229752999999974	0.10018043	first_progenitor	0.0
24964	-0.09229752999999974	0.10018043	next_progenitor	88661.35
24915	-0.09229752999999974	0.18900461	first_progenitor	0.0
24945	-0.09229752999999974	0.18900461	next_progenitor	62629.406
127908	-0.09229752999999974	0.4637509	first_progenitor	0.0
127910	-0.09229752999999974	0.4637509	next_progenitor	0.0
3268	-0.09229752999999974	0.119193666	first_progenitor	0.0
4404	-0.09229752999999974	0.119193666	next_progenitor	0.0
10388	-0.09229752999999974	0.5019434	first_progenitor	0.0
10389	-0.09229752999999974	0.5019434	next_progenitor	0.0
104325	-0.09229752999999974	0.29509717	first_progenitor	238321.78
104326	-0.09229752999999974	0.29509717	next_progenitor	0.0
13729	-0.09229752999999974	0.16179964	first_progenitor	108179.17
13735	-0.09229752999999974	0.16179964	next_progenitor	0.0
102789	-0.09229752999999974	0.11878907	first_progenitor	0.0
102795	-0.09229752999999974	0.11878907	next_progenitor	0.0
99672	-0.09229752999999974	0.27817208	first_progenitor	0.0
99677	-0.09229752999999974	0.27817208	next_progenitor	367580.22
200022	-0.09229752999999974	0.30523863	first_progenitor	530139.5
200023	-0.09229752999999974	0.30523863	next_progenitor	429123.6
21711	-0.09229752999999974	1.2502545	first_progenitor	80644.34
21702	-0.09229752999999974	1.2502545	next_progenitor	81084.7
12633	-0.09229752999999974	1.3285608	first_progenitor	0.0
12624	-0.09229752999999974	1.3285608	next_progenitor	0.0
20682	-0.09229752999999974	0.32895356	first_progenitor	554342.7
20683	-0.09229752999999974	0.32895356	next_progenitor	0.0
17766	-0.09229752999999974	0.39140967	first_progenitor	36126.984
17772	-0.09229752999999974	0.39140967	next_progenitor	0.0
268361	-0.09229752999999974	0.10122839	first_progenitor	399356.66
268362	-0.09229752999999974	0.10122839	next_progenitor	227323.66
18834	-0.09229752999999974	2.111098	first_progenitor	150199.06
18832	-0.09229752999999974	2.111098	next_progenitor	121636.07
370887	-0.09229752999999974	0.16169907	first_progenitor	0.0
370888	-0.09229752999999974	0.16169907	next_progenitor	66856.27
98774	-0.09229752999999974	0.41587758	first_progenitor	0.0
98782	-0.09229752999999974	0.41587758	next_progenitor	0.0
27676	-0.09229752999999974	0.2153036	first_progenitor	0.0
27689	-0.09229752999999974	0.2153036	next_progenitor	0.0
32160	-0.09229752999999974	0.12400015	first_progenitor	415004.56
32162	-0.09229752999999974	0.12400015	next_progenitor	379851.06
30723	-0.09229752999999974	0.2887355	first_progenitor	1551431.8
30749	-0.09229752999999974	0.2887355	next_progenitor	358894.2
29155	-0.09229752999999974	0.15540054	first_progenitor	40471.83
29156	-0.09229752999999974	0.15540054	next_progenitor	0.0
34252	-0.09229752999999974	0.3795224	first_progenitor	0.0
34253	-0.09229752999999974	0.3795224	next_progenitor	0.0
34759	-0.09229752999999974	0.1907388	first_progenitor	0.0
34779	-0.09229752999999974	0.1907388	next_progenitor	0.0
32717	-0.09229752999999974	0.20869556	first_progenitor	0.0
32728	-0.09229752999999974	0.20869556	next_progenitor	0.0
140489	-0.09229752999999974	0.24016346	first_progenitor	0.0
140496	-0.09229752999999974	0.24016346	next_progenitor	0.0
42412	-0.09229752999999974	0.18845725	first_progenitor	0.0
42413	-0.09229752999999974	0.18845725	next_progenitor	0.0
64349	-0.09229752999999974	0.23228702	first_progenitor	39340.203
64350	-0.09229752999999974	0.23228702	next_progenitor	0.0
318696	-0.09229752999999974	0.14441195	first_progenitor	0.0
318699	-0.09229752999999974	0.14441195	next_progenitor	0.0
104556	-0.09229752999999974	0.16274528	first_progenitor	0.0
104559	-0.09229752999999974	0.16274528	next_progenitor	0.0
55405	-0.09229752999999974	0.27144122	first_progenitor	0.0
55415	-0.09229752999999974	0.27144122	next_progenitor	0.0
57465	-0.09229752999999974	0.119027026	first_progenitor	0.0
57487	-0.09229752999999974	0.119027026	next_progenitor	0.0
70551	-0.09229752999999974	0.14854936	first_progenitor	0.0
70554	-0.09229752999999974	0.14854936	next_progenitor	0.0
149057	-0.09229752999999974	0.1231866	first_progenitor	42416.53
149062	-0.09229752999999974	0.1231866	next_progenitor	0.0
42764	-0.09229752999999974	0.67168725	first_progenitor	102432.02
42774	-0.09229752999999974	0.67168725	next_progenitor	0.0
67276	-0.09229752999999974	1.0039423	first_progenitor	0.0
67268	-0.09229752999999974	1.0039423	next_progenitor	0.0
101228	-0.09229752999999974	1.8089582	first_progenitor	0.0
101218	-0.09229752999999974	1.8089582	next_progenitor	36158.02
67771	-0.09229752999999974	0.34161904	first_progenitor	0.0
67773	-0.09229752999999974	0.34161904	next_progenitor	0.0
67774	-0.09229752999999974	0.12666635	first_progenitor	0.0
68024	-0.09229752999999974	0.12666635	next_progenitor	0.0
84172	-0.09229752999999974	0.13242929	first_progenitor	0.0
84174	-0.09229752999999974	0.13242929	next_progenitor	32687.164
282807	-0.09229752999999974	0.111080945	first_progenitor	151461010.0
282808	-0.09229752999999974	0.111080945	next_progenitor	6053041.0
66558	-0.09229752999999974	0.41195554	first_progenitor	0.0
66557	-0.09229752999999974	0.41195554	next_progenitor	0.0
69358	-0.09229752999999974	0.116101496	first_progenitor	0.0
69362	-0.09229752999999974	0.116101496	next_progenitor	0.0
308377	-0.09229752999999974	0.38852444	first_progenitor	0.0
308378	-0.09229752999999974	0.38852444	next_progenitor	0.0
94212	-0.09229752999999974	1.2375901	first_progenitor	0.0
94211	-0.09229752999999974	1.2375901	next_progenitor	0.0
29777	-0.09229752999999974	0.14182235	first_progenitor	196018.53
73186	-0.09229752999999974	0.14182235	next_progenitor	0.0
29775	-0.09229752999999974	0.10978767	first_progenitor	387888.9
29796	-0.09229752999999974	0.10978767	next_progenitor	393972.03
78394	-0.09229752999999974	0.114695475	first_progenitor	1029895.3
78396	-0.09229752999999974	0.114695475	next_progenitor	0.0
301548	-0.09229752999999974	0.13681644	first_progenitor	0.0
301549	-0.09229752999999974	0.13681644	next_progenitor	0.0
71529	-0.09229752999999974	0.68156534	first_progenitor	0.0
71536	-0.09229752999999974	0.68156534	next_progenitor	0.0
111154	-0.09229752999999974	0.44042534	first_progenitor	0.0
111207	-0.09229752999999974	0.44042534	next_progenitor	106272264.0
167090	-0.09229752999999974	0.16114311	first_progenitor	38346.434
167096	-0.09229752999999974	0.16114311	next_progenitor	0.0
152673	-0.09229752999999974	0.10120548	first_progenitor	0.0
152676	-0.09229752999999974	0.10120548	next_progenitor	0.0
170896	-0.09229752999999974	0.11781267	first_progenitor	619957.0
170902	-0.09229752999999974	0.11781267	next_progenitor	0.0
80835	-0.09229752999999974	0.14107217	first_progenitor	0.0
80838	-0.09229752999999974	0.14107217	next_progenitor	0.0
102121	-0.09229752999999974	1.2445161	first_progenitor	0.0
102120	-0.09229752999999974	1.2445161	next_progenitor	0.0
210410	-0.09229752999999974	0.26640502	first_progenitor	2855494.5
210412	-0.09229752999999974	0.26640502	next_progenitor	1496873.5
88705	-0.09229752999999974	0.6262052	first_progenitor	0.0
88713	-0.09229752999999974	0.6262052	next_progenitor	159826.73
88706	-0.09229752999999974	0.18037303	first_progenitor	119872.234
88716	-0.09229752999999974	0.18037303	next_progenitor	0.0
85672	-0.09229752999999974	0.24391934	first_progenitor	0.0
85699	-0.09229752999999974	0.24391934	next_progenitor	1138160.5
178501	-0.09229752999999974	0.10209494	first_progenitor	9019887.0
178504	-0.09229752999999974	0.10209494	next_progenitor	322711.5
197822	-0.09229752999999974	0.18926199	first_progenitor	0.0
197826	-0.09229752999999974	0.18926199	next_progenitor	0.0
97467	-0.09229752999999974	1.6878711	first_progenitor	0.0
97466	-0.09229752999999974	1.6878711	next_progenitor	0.0
385085	-0.09229752999999974	0.23055309	first_progenitor	104286.83
385087	-0.09229752999999974	0.23055309	next_progenitor	0.0
95852	-0.09229752999999974	0.10108802	first_progenitor	0.0
95855	-0.09229752999999974	0.10108802	next_progenitor	0.0
96859	-0.09229752999999974	0.10930678	first_progenitor	0.0
96865	-0.09229752999999974	0.10930678	next_progenitor	0.0
112110	-0.09229752999999974	0.14158154	first_progenitor	0.0
112125	-0.09229752999999974	0.14158154	next_progenitor	0.0
112119	-0.09229752999999974	0.81794095	first_progenitor	0.0
112111	-0.09229752999999974	0.81794095	next_progenitor	72982.6
96309	-0.09229752999999974	0.2162509	first_progenitor	0.0
96311	-0.09229752999999974	0.2162509	next_progenitor	0.0
113711	-0.09229752999999974	0.1624043	first_progenitor	0.0
113714	-0.09229752999999974	0.1624043	next_progenitor	0.0
134853	-0.09229752999999974	1.2768679	first_progenitor	0.0
134851	-0.09229752999999974	1.2768679	next_progenitor	54862.855
127786	-0.09229752999999974	0.13801116	first_progenitor	405696.28
127787	-0.09229752999999974	0.13801116	next_progenitor	433660.1
106995	-0.09229752999999974	0.4541276	first_progenitor	0.0
107004	-0.09229752999999974	0.4541276	next_progenitor	0.0
115676	-0.09229752999999974	0.9841666	first_progenitor	3186425.8
205519	-0.09229752999999974	0.9841666	next_progenitor	65988.53
224346	-0.09229752999999974	0.18067083	first_progenitor	335362370.0
224347	-0.09229752999999974	0.18067083	next_progenitor	2245463.2
285852	-0.09229752999999974	0.11114631	first_progenitor	670069.56
285859	-0.09229752999999974	0.11114631	next_progenitor	0.0
116260	-0.09229752999999974	0.3261925	first_progenitor	0.0
116261	-0.09229752999999974	0.3261925	next_progenitor	0.0
112831	-0.09229752999999974	0.14032926	first_progenitor	0.0
112832	-0.09229752999999974	0.14032926	next_progenitor	0.0
105379	-0.09229752999999974	0.14080001	first_progenitor	156542.7
105384	-0.09229752999999974	0.14080001	next_progenitor	0.0
148695	-0.09229752999999974	0.14047942	first_progenitor	0.0
148700	-0.09229752999999974	0.14047942	next_progenitor	0.0
103347	-0.09229752999999974	0.10237199	first_progenitor	0.0
103355	-0.09229752999999974	0.10237199	next_progenitor	0.0
112637	-0.09229752999999974	0.19563255	first_progenitor	229044.56
112645	-0.09229752999999974	0.19563255	next_progenitor	49362.3
112638	-0.09229752999999974	0.14035223	first_progenitor	0.0
246052	-0.09229752999999974	0.14035223	next_progenitor	0.0
147402	-0.09229752999999974	0.20493235	first_progenitor	0.0
147404	-0.09229752999999974	0.20493235	next_progenitor	0.0
139907	-0.09229752999999974	0.38515964	first_progenitor	0.0
139911	-0.09229752999999974	0.38515964	next_progenitor	0.0
115228	-0.09229752999999974	0.4277421	first_progenitor	143920.22
115234	-0.09229752999999974	0.4277421	next_progenitor	0.0
252106	-0.09229752999999974	0.3485654	first_progenitor	0.0
237871	-0.09229752999999974	0.3485654	next_progenitor	0.0
130609	-0.09229752999999974	0.14802676	first_progenitor	0.0
130610	-0.09229752999999974	0.14802676	next_progenitor	0.0
143068	-0.09229752999999974	0.14115378	first_progenitor	3231488.0
143069	-0.09229752999999974	0.14115378	next_progenitor	1968142.5
116457	-0.09229752999999974	0.15929177	first_progenitor	0.0
116471	-0.09229752999999974	0.15929177	next_progenitor	0.0
124936	-0.09229752999999974	0.12591043	first_progenitor	0.0
124937	-0.09229752999999974	0.12591043	next_progenitor	70537.32
126447	-0.09229752999999974	0.10384295	first_progenitor	0.0
126461	-0.09229752999999974	0.10384295	next_progenitor	0.0
147531	-0.09229752999999974	0.830668	first_progenitor	0.0
136270	-0.09229752999999974	0.830668	next_progenitor	0.0
117721	-0.09229752999999974	0.168807	first_progenitor	0.0
117722	-0.09229752999999974	0.168807	next_progenitor	42415.08
129078	-0.09229752999999974	0.3010477	first_progenitor	100361.11
129079	-0.09229752999999974	0.3010477	next_progenitor	0.0
132958	-0.09229752999999974	0.5969612	first_progenitor	0.0
152802	-0.09229752999999974	0.5969612	next_progenitor	0.0
139388	-0.09229752999999974	0.26103112	first_progenitor	59361.473
139389	-0.09229752999999974	0.26103112	next_progenitor	0.0
130134	-0.09229752999999974	0.3671773	first_progenitor	0.0
130135	-0.09229752999999974	0.3671773	next_progenitor	0.0
116753	-0.09229752999999974	0.19759223	first_progenitor	0.0
116776	-0.09229752999999974	0.19759223	next_progenitor	0.0
165592	-0.09229752999999974	0.11747471	first_progenitor	0.0
165624	-0.09229752999999974	0.11747471	next_progenitor	0.0
223462	-0.09229752999999974	0.1302127	first_progenitor	0.0
223464	-0.09229752999999974	0.1302127	next_progenitor	0.0
137329	-0.09229752999999974	0.4562035	first_progenitor	6491559.0
137333	-0.09229752999999974	0.4562035	next_progenitor	859533.9
137335	-0.09229752999999974	2.9595377	first_progenitor	3082876.5
137331	-0.09229752999999974	2.9595377	next_progenitor	600425.8
176847	-0.09229752999999974	1.1321422	first_progenitor	0.0
188321	-0.09229752999999974	1.1321422	next_progenitor	671725.94
127673	-0.09229752999999974	0.10994701	first_progenitor	0.0
127680	-0.09229752999999974	0.10994701	next_progenitor	0.0
235441	-0.09229752999999974	0.16052553	first_progenitor	0.0
220340	-0.09229752999999974	0.16052553	next_progenitor	89409.47
144997	-0.09229752999999974	0.20792757	first_progenitor	0.0
145002	-0.09229752999999974	0.20792757	next_progenitor	0.0
266689	-0.09229752999999974	1.5120399	first_progenitor	587856.0
266687	-0.09229752999999974	1.5120399	next_progenitor	531482.94
133392	-0.09229752999999974	0.14443152	first_progenitor	141732.78
133394	-0.09229752999999974	0.14443152	next_progenitor	0.0
140849	-0.09229752999999974	1.7858609	first_progenitor	468944.78
140847	-0.09229752999999974	1.7858609	next_progenitor	0.0
139487	-0.09229752999999974	0.14358647	first_progenitor	39490.42
139489	-0.09229752999999974	0.14358647	next_progenitor	0.0
139491	-0.09229752999999974	2.0865765	first_progenitor	0.0
139488	-0.09229752999999974	2.0865765	next_progenitor	0.0
161205	-0.09229752999999974	0.2547392	first_progenitor	0.0
161209	-0.09229752999999974	0.2547392	next_progenitor	0.0
148847	-0.09229752999999974	0.15008104	first_progenitor	0.0
156705	-0.09229752999999974	0.15008104	next_progenitor	0.0
148844	-0.09229752999999974	0.10655806	first_progenitor	0.0
148858	-0.09229752999999974	0.10655806	next_progenitor	0.0
151906	-0.09229752999999974	0.15871936	first_progenitor	0.0
151908	-0.09229752999999974	0.15871936	next_progenitor	68905.0
176251	-0.09229752999999974	0.5648723	first_progenitor	0.0
145408	-0.09229752999999974	0.5648723	next_progenitor	87017.09
153307	-0.09229752999999974	0.2581258	first_progenitor	0.0
153309	-0.09229752999999974	0.2581258	next_progenitor	0.0
148551	-0.09229752999999974	0.5222877	first_progenitor	121305.87
148554	-0.09229752999999974	0.5222877	next_progenitor	637219.44
140332	-0.09229752999999974	0.11627392	first_progenitor	0.0
140333	-0.09229752999999974	0.11627392	next_progenitor	0.0
148449	-0.09229752999999974	0.11263497	first_progenitor	0.0
148459	-0.09229752999999974	0.11263497	next_progenitor	0.0
150880	-0.09229752999999974	0.8160203	first_progenitor	32108.314
137511	-0.09229752999999974	0.8160203	next_progenitor	305393.9
146598	-0.09229752999999974	0.10373576	first_progenitor	0.0
146615	-0.09229752999999974	0.10373576	next_progenitor	0.0
156285	-0.09229752999999974	0.20696878	first_progenitor	122223.72
156287	-0.09229752999999974	0.20696878	next_progenitor	36411.023
154162	-0.09229752999999974	0.26521444	first_progenitor	0.0
154164	-0.09229752999999974	0.26521444	next_progenitor	31591.07
140218	-0.09229752999999974	1.0561106	first_progenitor	0.0
126780	-0.09229752999999974	1.0561106	next_progenitor	2269741.0
168551	-0.09229752999999974	0.12128361	first_progenitor	0.0
168556	-0.09229752999999974	0.12128361	next_progenitor	0.0
161816	-0.09229752999999974	0.3569066	first_progenitor	0.0
161823	-0.09229752999999974	0.3569066	next_progenitor	0.0
161817	-0.09229752999999974	0.24783136	first_progenitor	0.0
161826	-0.09229752999999974	0.24783136	next_progenitor	0.0
204104	-0.09229752999999974	0.5509868	first_progenitor	0.0
186045	-0.09229752999999974	0.5509868	next_progenitor	0.0
161480	-0.09229752999999974	1.9907188	first_progenitor	0.0
161478	-0.09229752999999974	1.9907188	next_progenitor	0.0
160217	-0.09229752999999974	0.15666215	first_progenitor	0.0
160220	-0.09229752999999974	0.15666215	next_progenitor	0.0
159524	-0.09229752999999974	0.53869176	first_progenitor	0.0
159527	-0.09229752999999974	0.53869176	next_progenitor	0.0
352896	-0.09229752999999974	0.7851799	first_progenitor	0.0
352897	-0.09229752999999974	0.7851799	next_progenitor	134529.81
295776	-0.09229752999999974	0.8661705	first_progenitor	0.0
296459	-0.09229752999999974	0.8661705	next_progenitor	0.0
281644	-0.09229752999999974	0.1356396	first_progenitor	0.0
281662	-0.09229752999999974	0.1356396	next_progenitor	0.0
191237	-0.09229752999999974	0.11398676	first_progenitor	0.0
182693	-0.09229752999999974	0.11398676	next_progenitor	0.0
292807	-0.09229752999999974	0.40640345	first_progenitor	0.0
292808	-0.09229752999999974	0.40640345	next_progenitor	0.0
203696	-0.09229752999999974	1.3750035	first_progenitor	0.0
203695	-0.09229752999999974	1.3750035	next_progenitor	50647.63
263034	-0.09229752999999974	0.14675023	first_progenitor	0.0
263038	-0.09229752999999974	0.14675023	next_progenitor	0.0
166408	-0.09229752999999974	0.25858214	first_progenitor	0.0
166409	-0.09229752999999974	0.25858214	next_progenitor	0.0
178451	-0.09229752999999974	0.102392614	first_progenitor	0.0
178478	-0.09229752999999974	0.102392614	next_progenitor	0.0
182715	-0.09229752999999974	0.24221328	first_progenitor	0.0
182717	-0.09229752999999974	0.24221328	next_progenitor	0.0
171547	-0.09229752999999974	0.25568715	first_progenitor	0.0
171565	-0.09229752999999974	0.25568715	next_progenitor	0.0
278255	-0.09229752999999974	0.20934533	first_progenitor	65653.33
278258	-0.09229752999999974	0.20934533	next_progenitor	0.0
301284	-0.09229752999999974	0.2630325	first_progenitor	11500492.0
301286	-0.09229752999999974	0.2630325	next_progenitor	10232516.0
176744	-0.09229752999999974	1.4098865	first_progenitor	0.0
176743	-0.09229752999999974	1.4098865	next_progenitor	0.0
179542	-0.09229752999999974	0.14463077	first_progenitor	0.0
179546	-0.09229752999999974	0.14463077	next_progenitor	0.0
170525	-0.09229752999999974	0.21270113	first_progenitor	0.0
170540	-0.09229752999999974	0.21270113	next_progenitor	0.0
166232	-0.09229752999999974	0.22393762	first_progenitor	0.0
166233	-0.09229752999999974	0.22393762	next_progenitor	0.0
178012	-0.09229752999999974	0.2804781	first_progenitor	0.0
178024	-0.09229752999999974	0.2804781	next_progenitor	0.0
220835	-0.09229752999999974	0.5473429	first_progenitor	0.0
220837	-0.09229752999999974	0.5473429	next_progenitor	0.0
173298	-0.09229752999999974	0.23596253	first_progenitor	0.0
173299	-0.09229752999999974	0.23596253	next_progenitor	0.0
177531	-0.09229752999999974	0.13679393	first_progenitor	3492668.2
177534	-0.09229752999999974	0.13679393	next_progenitor	96173940.0
189618	-0.09229752999999974	0.72386086	first_progenitor	0.0
189620	-0.09229752999999974	0.72386086	next_progenitor	0.0
190385	-0.09229752999999974	1.1339041	first_progenitor	0.0
190383	-0.09229752999999974	1.1339041	next_progenitor	0.0
189300	-0.09229752999999974	0.20562227	first_progenitor	0.0
189307	-0.09229752999999974	0.20562227	next_progenitor	0.0
174564	-0.09229752999999974	0.79179996	first_progenitor	0.0
174565	-0.09229752999999974	0.79179996	next_progenitor	41368.926
184181	-0.09229752999999974	0.5654768	first_progenitor	0.0
184245	-0.09229752999999974	0.5654768	next_progenitor	0.0
218429	-0.09229752999999974	0.37563634	first_progenitor	0.0
218433	-0.09229752999999974	0.37563634	next_progenitor	12952693.0
213714	-0.09229752999999974	0.21258424	first_progenitor	0.0
213717	-0.09229752999999974	0.21258424	next_progenitor	129746.61
243366	-0.09229752999999974	1.2914196	first_progenitor	0.0
255943	-0.09229752999999974	1.2914196	next_progenitor	1854422.6
303298	-0.09229752999999974	0.20501839	first_progenitor	0.0
303299	-0.09229752999999974	0.20501839	next_progenitor	0.0
238528	-0.09229752999999974	0.10292421	first_progenitor	0.0
238529	-0.09229752999999974	0.10292421	next_progenitor	0.0
191076	-0.09229752999999974	0.12517339	first_progenitor	0.0
191099	-0.09229752999999974	0.12517339	next_progenitor	0.0
205072	-0.09229752999999974	0.16690336	first_progenitor	60511.31
205073	-0.09229752999999974	0.16690336	next_progenitor	0.0
196753	-0.09229752999999974	0.14160427	first_progenitor	0.0
196754	-0.09229752999999974	0.14160427	next_progenitor	0.0
373250	-0.09229752999999974	0.14722618	first_progenitor	0.0
373251	-0.09229752999999974	0.14722618	next_progenitor	0.0
208360	-0.09229752999999974	0.12111127	first_progenitor	0.0
208361	-0.09229752999999974	0.12111127	next_progenitor	0.0
196927	-0.09229752999999974	0.3190272	first_progenitor	0.0
180363	-0.09229752999999974	0.3190272	next_progenitor	0.0
240176	-0.09229752999999974	0.24554259	first_progenitor	63290.55
240179	-0.09229752999999974	0.24554259	next_progenitor	0.0
232510	-0.09229752999999974	1.4627932	first_progenitor	0.0
232509	-0.09229752999999974	1.4627932	next_progenitor	6965557.5
197631	-0.09229752999999974	1.180905	first_progenitor	0.0
197630	-0.09229752999999974	1.180905	next_progenitor	0.0
198742	-0.09229752999999974	0.14795788	first_progenitor	0.0
198764	-0.09229752999999974	0.14795788	next_progenitor	0.0
206357	-0.09229752999999974	0.15934868	first_progenitor	44268.785
206361	-0.09229752999999974	0.15934868	next_progenitor	0.0
211564	-0.09229752999999974	0.412974	first_progenitor	178916.94
211565	-0.09229752999999974	0.412974	next_progenitor	0.0
270588	-0.09229752999999974	0.120762534	first_progenitor	0.0
270593	-0.09229752999999974	0.120762534	next_progenitor	0.0
210580	-0.09229752999999974	0.35182145	first_progenitor	0.0
196940	-0.09229752999999974	0.35182145	next_progenitor	0.0
209482	-0.09229752999999974	0.111274295	first_progenitor	61885.04
209483	-0.09229752999999974	0.111274295	next_progenitor	0.0
259846	-0.09229752999999974	0.1177648	first_progenitor	0.0
259849	-0.09229752999999974	0.1177648	next_progenitor	0.0
165778	-0.09229752999999974	0.14135703	first_progenitor	0.0
165785	-0.09229752999999974	0.14135703	next_progenitor	0.0
226229	-0.09229752999999974	0.17751044	first_progenitor	167313.52
226234	-0.09229752999999974	0.17751044	next_progenitor	0.0
234203	-0.09229752999999974	0.5042026	first_progenitor	0.0
234204	-0.09229752999999974	0.5042026	next_progenitor	137268.45
221325	-0.09229752999999974	0.4335607	first_progenitor	0.0
221327	-0.09229752999999974	0.4335607	next_progenitor	236128.81
208540	-0.09229752999999974	0.18770763	first_progenitor	0.0
208542	-0.09229752999999974	0.18770763	next_progenitor	144266.34
210788	-0.09229752999999974	0.29678643	first_progenitor	0.0
210790	-0.09229752999999974	0.29678643	next_progenitor	0.0
212385	-0.09229752999999974	0.21169145	first_progenitor	0.0
212387	-0.09229752999999974	0.21169145	next_progenitor	0.0
240118	-0.09229752999999974	1.7406638	first_progenitor	48869.527
240110	-0.09229752999999974	1.7406638	next_progenitor	0.0
217418	-0.09229752999999974	0.3048446	first_progenitor	219402.98
217419	-0.09229752999999974	0.3048446	next_progenitor	371423.84
256744	-0.09229752999999974	0.7070887	first_progenitor	0.0
238934	-0.09229752999999974	0.7070887	next_progenitor	6418863.5
236771	-0.09229752999999974	0.35465196	first_progenitor	0.0
236772	-0.09229752999999974	0.35465196	next_progenitor	161446130.0
324001	-0.09229752999999974	0.61025023	first_progenitor	0.0
324004	-0.09229752999999974	0.61025023	next_progenitor	0.0
227016	-0.09229752999999974	1.2144982	first_progenitor	0.0
227015	-0.09229752999999974	1.2144982	next_progenitor	0.0
214873	-0.09229752999999974	0.26504222	first_progenitor	0.0
214875	-0.09229752999999974	0.26504222	next_progenitor	0.0
219275	-0.09229752999999974	0.15349391	first_progenitor	57626.945
219304	-0.09229752999999974	0.15349391	next_progenitor	0.0
266025	-0.09229752999999974	0.15074697	first_progenitor	0.0
266029	-0.09229752999999974	0.15074697	next_progenitor	0.0
241937	-0.09229752999999974	0.10305524	first_progenitor	511813.78
241938	-0.09229752999999974	0.10305524	next_progenitor	1427619.5
328316	-0.09229752999999974	0.19333412	first_progenitor	0.0
328331	-0.09229752999999974	0.19333412	next_progenitor	0.0
228451	-0.09229752999999974	0.13679634	first_progenitor	0.0
228453	-0.09229752999999974	0.13679634	next_progenitor	0.0
222588	-0.09229752999999974	1.2696226	first_progenitor	0.0
222586	-0.09229752999999974	1.2696226	next_progenitor	0.0
259786	-0.09229752999999974	0.5314617	first_progenitor	0.0
259792	-0.09229752999999974	0.5314617	next_progenitor	0.0
219824	-0.09229752999999974	0.15400456	first_progenitor	0.0
219829	-0.09229752999999974	0.15400456	next_progenitor	0.0
224632	-0.09229752999999974	0.14741337	first_progenitor	0.0
224634	-0.09229752999999974	0.14741337	next_progenitor	0.0
229886	-0.09229752999999974	0.10983677	first_progenitor	0.0
229893	-0.09229752999999974	0.10983677	next_progenitor	0.0
225824	-0.09229752999999974	0.104399405	first_progenitor	0.0
225827	-0.09229752999999974	0.104399405	next_progenitor	0.0
235257	-0.09229752999999974	1.2419896	first_progenitor	0.0
216012	-0.09229752999999974	1.2419896	next_progenitor	0.0
280329	-0.09229752999999974	0.17163348	first_progenitor	40706.055
280328	-0.09229752999999974	0.17163348	next_progenitor	175461.44
238682	-0.09229752999999974	0.56236553	first_progenitor	838384.2
238683	-0.09229752999999974	0.56236553	next_progenitor	156393.98
230405	-0.09229752999999974	0.11748704	first_progenitor	0.0
230432	-0.09229752999999974	0.11748704	next_progenitor	0.0
243411	-0.09229752999999974	0.29405993	first_progenitor	0.0
243414	-0.09229752999999974	0.29405993	next_progenitor	337335040.0
241169	-0.09229752999999974	0.5013059	first_progenitor	251118.8
215940	-0.09229752999999974	0.5013059	next_progenitor	0.0
235486	-0.09229752999999974	0.15040782	first_progenitor	0.0
235489	-0.09229752999999974	0.15040782	next_progenitor	0.0
254004	-0.09229752999999974	0.13021941	first_progenitor	0.0
254021	-0.09229752999999974	0.13021941	next_progenitor	325216.12
236388	-0.09229752999999974	0.2381514	first_progenitor	0.0
236393	-0.09229752999999974	0.2381514	next_progenitor	0.0
238714	-0.09229752999999974	1.4108258	first_progenitor	0.0
238713	-0.09229752999999974	1.4108258	next_progenitor	0.0
236447	-0.09229752999999974	0.85318506	first_progenitor	133813.67
236449	-0.09229752999999974	0.85318506	next_progenitor	177073.02
243082	-0.09229752999999974	0.5742978	first_progenitor	74519.086
243080	-0.09229752999999974	0.5742978	next_progenitor	16787544.0
257301	-0.09229752999999974	1.9190644	first_progenitor	110665.88
257297	-0.09229752999999974	1.9190644	next_progenitor	0.0
351322	-0.09229752999999974	0.45508146	first_progenitor	127116.664
351324	-0.09229752999999974	0.45508146	next_progenitor	0.0
241123	-0.09229752999999974	0.29871252	first_progenitor	0.0
241127	-0.09229752999999974	0.29871252	next_progenitor	0.0
341508	-0.09229752999999974	0.6989682	first_progenitor	0.0
341509	-0.09229752999999974	0.6989682	next_progenitor	0.0
292099	-0.09229752999999974	0.21967478	first_progenitor	0.0
292103	-0.09229752999999974	0.21967478	next_progenitor	111741.4
314175	-0.09229752999999974	1.0058274	first_progenitor	0.0
292696	-0.09229752999999974	1.0058274	next_progenitor	0.0
251153	-0.09229752999999974	0.72856635	first_progenitor	390525.0
251154	-0.09229752999999974	0.72856635	next_progenitor	216837.98
310776	-0.09229752999999974	0.10330273	first_progenitor	0.0
310778	-0.09229752999999974	0.10330273	next_progenitor	0.0
259556	-0.09229752999999974	0.10883603	first_progenitor	0.0
259557	-0.09229752999999974	0.10883603	next_progenitor	0.0
245125	-0.09229752999999974	0.10429161	first_progenitor	213004.11
245128	-0.09229752999999974	0.10429161	next_progenitor	0.0
246196	-0.09229752999999974	0.34010676	first_progenitor	0.0
246199	-0.09229752999999974	0.34010676	next_progenitor	0.0
258886	-0.09229752999999974	0.1480345	first_progenitor	0.0
240562	-0.09229752999999974	0.1480345	next_progenitor	0.0
225513	-0.09229752999999974	0.2746048	first_progenitor	0.0
244047	-0.09229752999999974	0.2746048	next_progenitor	0.0
249769	-0.09229752999999974	0.15655737	first_progenitor	0.0
249773	-0.09229752999999974	0.15655737	next_progenitor	0.0
251772	-0.09229752999999974	0.22406799	first_progenitor	0.0
251776	-0.09229752999999974	0.22406799	next_progenitor	47465.32
238125	-0.09229752999999974	1.0219468	first_progenitor	135240.77
238124	-0.09229752999999974	1.0219468	next_progenitor	273638.72
298532	-0.09229752999999974	0.16668396	first_progenitor	0.0
298537	-0.09229752999999974	0.16668396	next_progenitor	0.0
247197	-0.09229752999999974	0.14415972	first_progenitor	0.0
247199	-0.09229752999999974	0.14415972	next_progenitor	0.0
261758	-0.09229752999999974	0.12970464	first_progenitor	0.0
261761	-0.09229752999999974	0.12970464	next_progenitor	0.0
341382	-0.09229752999999974	0.11135146	first_progenitor	0.0
341392	-0.09229752999999974	0.11135146	next_progenitor	0.0
252461	-0.09229752999999974	0.23735802	first_progenitor	55700.98
252463	-0.09229752999999974	0.23735802	next_progenitor	0.0
237559	-0.09229752999999974	0.7649943	first_progenitor	0.0
237560	-0.09229752999999974	0.7649943	next_progenitor	0.0
312783	-0.09229752999999974	0.112273976	first_progenitor	0.0
312789	-0.09229752999999974	0.112273976	next_progenitor	0.0
303584	-0.09229752999999974	0.2335256	first_progenitor	177235.16
303587	-0.09229752999999974	0.2335256	next_progenitor	0.0
273079	-0.09229752999999974	2.1032627	first_progenitor	0.0
273078	-0.09229752999999974	2.1032627	next_progenitor	0.0
326643	-0.09229752999999974	0.16699962	first_progenitor	0.0
326644	-0.09229752999999974	0.16699962	next_progenitor	0.0
259890	-0.09229752999999974	0.7098115	first_progenitor	0.0
259859	-0.09229752999999974	0.7098115	next_progenitor	0.0
261894	-0.09229752999999974	0.1263693	first_progenitor	0.0
261897	-0.09229752999999974	0.1263693	next_progenitor	0.0
248317	-0.09229752999999974	0.31165752	first_progenitor	0.0
248318	-0.09229752999999974	0.31165752	next_progenitor	0.0
267284	-0.09229752999999974	0.1705156	first_progenitor	0.0
267285	-0.09229752999999974	0.1705156	next_progenitor	45792.805
271667	-0.09229752999999974	0.10803372	first_progenitor	178779.69
271669	-0.09229752999999974	0.10803372	next_progenitor	0.0
266726	-0.09229752999999974	0.17042002	first_progenitor	0.0
260662	-0.09229752999999974	0.17042002	next_progenitor	4601706.5
261796	-0.09229752999999974	0.45071533	first_progenitor	2421086.2
261797	-0.09229752999999974	0.45071533	next_progenitor	1450007.2
261983	-0.09229752999999974	0.11077002	first_progenitor	0.0
261985	-0.09229752999999974	0.11077002	next_progenitor	0.0
305831	-0.09229752999999974	0.13121425	first_progenitor	8058596.0
305838	-0.09229752999999974	0.13121425	next_progenitor	548544.2
266276	-0.09229752999999974	0.12623353	first_progenitor	0.0
266296	-0.09229752999999974	0.12623353	next_progenitor	0.0
295510	-0.09229752999999974	0.8875773	first_progenitor	0.0
295511	-0.09229752999999974	0.8875773	next_progenitor	0.0
323806	-0.09229752999999974	0.27396774	first_progenitor	0.0
323811	-0.09229752999999974	0.27396774	next_progenitor	61778036.0
265033	-0.09229752999999974	1.2211031	first_progenitor	0.0
265031	-0.09229752999999974	1.2211031	next_progenitor	0.0
319211	-0.09229752999999974	0.10118304	first_progenitor	0.0
319213	-0.09229752999999974	0.10118304	next_progenitor	0.0
274300	-0.09229752999999974	1.3582488	first_progenitor	53345.74
274299	-0.09229752999999974	1.3582488	next_progenitor	0.0
281388	-0.09229752999999974	0.21367443	first_progenitor	0.0
281390	-0.09229752999999974	0.21367443	next_progenitor	0.0
281096	-0.09229752999999974	0.12656216	first_progenitor	43254.887
281101	-0.09229752999999974	0.12656216	next_progenitor	0.0
261831	-0.09229752999999974	0.12421889	first_progenitor	0.0
242480	-0.09229752999999974	0.12421889	next_progenitor	0.0
283743	-0.09229752999999974	0.1082774	first_progenitor	0.0
266816	-0.09229752999999974	0.1082774	next_progenitor	0.0
273525	-0.09229752999999974	0.16074477	first_progenitor	0.0
273527	-0.09229752999999974	0.16074477	next_progenitor	356668740.0
326942	-0.09229752999999974	0.9474588	first_progenitor	0.0
326943	-0.09229752999999974	0.9474588	next_progenitor	53315.914
315286	-0.09229752999999974	0.34849462	first_progenitor	0.0
292207	-0.09229752999999974	0.34849462	next_progenitor	0.0
278782	-0.09229752999999974	1.5117856	first_progenitor	0.0
261035	-0.09229752999999974	1.5117856	next_progenitor	0.0
284779	-0.09229752999999974	0.17836341	first_progenitor	0.0
284783	-0.09229752999999974	0.17836341	next_progenitor	0.0
284092	-0.09229752999999974	0.36971456	first_progenitor	0.0
284095	-0.09229752999999974	0.36971456	next_progenitor	0.0
276936	-0.09229752999999974	0.10182964	first_progenitor	0.0
276938	-0.09229752999999974	0.10182964	next_progenitor	0.0
281967	-0.09229752999999974	0.2347179	first_progenitor	0.0
281969	-0.09229752999999974	0.2347179	next_progenitor	0.0
283222	-0.09229752999999974	0.37964988	first_progenitor	154896.28
283221	-0.09229752999999974	0.37964988	next_progenitor	0.0
271702	-0.09229752999999974	0.3135507	first_progenitor	0.0
271714	-0.09229752999999974	0.3135507	next_progenitor	0.0
274733	-0.09229752999999974	0.28761783	first_progenitor	0.0
274742	-0.09229752999999974	0.28761783	next_progenitor	623964.3
321409	-0.09229752999999974	0.74639046	first_progenitor	0.0
302350	-0.09229752999999974	0.74639046	next_progenitor	0.0
304076	-0.09229752999999974	0.13383058	first_progenitor	0.0
304079	-0.09229752999999974	0.13383058	next_progenitor	0.0
273374	-0.09229752999999974	0.2561737	first_progenitor	0.0
273377	-0.09229752999999974	0.2561737	next_progenitor	0.0
296270	-0.09229752999999974	0.20066878	first_progenitor	0.0
296272	-0.09229752999999974	0.20066878	next_progenitor	0.0
294853	-0.09229752999999974	0.2381084	first_progenitor	43131364.0
294858	-0.09229752999999974	0.2381084	next_progenitor	40638.355
287988	-0.09229752999999974	0.16073006	first_progenitor	0.0
287990	-0.09229752999999974	0.16073006	next_progenitor	0.0
300430	-0.09229752999999974	1.2067231	first_progenitor	0.0
300428	-0.09229752999999974	1.2067231	next_progenitor	0.0
320804	-0.09229752999999974	0.10496402	first_progenitor	0.0
298278	-0.09229752999999974	0.10496402	next_progenitor	51470.79
302256	-0.09229752999999974	1.8019291	first_progenitor	0.0
302254	-0.09229752999999974	1.8019291	next_progenitor	0.0
300394	-0.09229752999999974	0.17144342	first_progenitor	0.0
300397	-0.09229752999999974	0.17144342	next_progenitor	0.0
336736	-0.09229752999999974	0.11474943	first_progenitor	0.0
336738	-0.09229752999999974	0.11474943	next_progenitor	0.0
295655	-0.09229752999999974	0.16584148	first_progenitor	0.0
282142	-0.09229752999999974	0.16584148	next_progenitor	1143568.4
346520	-0.09229752999999974	0.77979904	first_progenitor	0.0
346521	-0.09229752999999974	0.77979904	next_progenitor	241674540.0
302182	-0.09229752999999974	0.485467	first_progenitor	0.0
295299	-0.09229752999999974	0.485467	next_progenitor	0.0
293126	-0.09229752999999974	0.1384109	first_progenitor	156880.67
293128	-0.09229752999999974	0.1384109	next_progenitor	0.0
312134	-0.09229752999999974	0.1237612	first_progenitor	138614.0
312135	-0.09229752999999974	0.1237612	next_progenitor	282461.0
310930	-0.09229752999999974	0.11783722	first_progenitor	0.0
310931	-0.09229752999999974	0.11783722	next_progenitor	0.0
307888	-0.09229752999999974	0.1442907	first_progenitor	0.0
307890	-0.09229752999999974	0.1442907	next_progenitor	0.0
309646	-0.09229752999999974	0.2290778	first_progenitor	0.0
309647	-0.09229752999999974	0.2290778	next_progenitor	0.0
308397	-0.09229752999999974	0.10430656	first_progenitor	0.0
308399	-0.09229752999999974	0.10430656	next_progenitor	2578786.0
359273	-0.09229752999999974	0.45679116	first_progenitor	0.0
359279	-0.09229752999999974	0.45679116	next_progenitor	0.0
311083	-0.09229752999999974	0.8895895	first_progenitor	0.0
311082	-0.09229752999999974	0.8895895	next_progenitor	0.0
315555	-0.09229752999999974	0.34363624	first_progenitor	0.0
315556	-0.09229752999999974	0.34363624	next_progenitor	0.0
310005	-0.09229752999999974	0.20609899	first_progenitor	324542.94
299387	-0.09229752999999974	0.20609899	next_progenitor	177783.28
318244	-0.09229752999999974	0.14898857	first_progenitor	0.0
318250	-0.09229752999999974	0.14898857	next_progenitor	0.0
332621	-0.09229752999999974	0.10531882	first_progenitor	0.0
332627	-0.09229752999999974	0.10531882	next_progenitor	0.0
316294	-0.09229752999999974	0.14395694	first_progenitor	0.0
316296	-0.09229752999999974	0.14395694	next_progenitor	223626080.0
314808	-0.09229752999999974	0.89101964	first_progenitor	0.0
330909	-0.09229752999999974	0.89101964	next_progenitor	110797760.0
312534	-0.09229752999999974	0.53994083	first_progenitor	0.0
312536	-0.09229752999999974	0.53994083	next_progenitor	0.0
339756	-0.09229752999999974	0.3571358	first_progenitor	0.0
339757	-0.09229752999999974	0.3571358	next_progenitor	0.0
302699	-0.09229752999999974	0.13121587	first_progenitor	0.0
302702	-0.09229752999999974	0.13121587	next_progenitor	0.0
297730	-0.09229752999999974	0.3113269	first_progenitor	0.0
322029	-0.09229752999999974	0.3113269	next_progenitor	0.0
353800	-0.09229752999999974	0.20916967	first_progenitor	0.0
353802	-0.09229752999999974	0.20916967	next_progenitor	0.0
323784	-0.09229752999999974	0.19769081	first_progenitor	0.0
323785	-0.09229752999999974	0.19769081	next_progenitor	0.0
323182	-0.09229752999999974	0.2452468	first_progenitor	0.0
323184	-0.09229752999999974	0.2452468	next_progenitor	0.0
314288	-0.09229752999999974	0.19503544	first_progenitor	0.0
314289	-0.09229752999999974	0.19503544	next_progenitor	0.0
325352	-0.09229752999999974	0.2897882	first_progenitor	0.0
325353	-0.09229752999999974	0.2897882	next_progenitor	198944.5
316548	-0.09229752999999974	0.23570448	first_progenitor	0.0
316550	-0.09229752999999974	0.23570448	next_progenitor	0.0
352718	-0.09229752999999974	0.33895048	first_progenitor	0.0
352719	-0.09229752999999974	0.33895048	next_progenitor	0.0
323335	-0.09229752999999974	0.21027622	first_progenitor	299907.47
323338	-0.09229752999999974	0.21027622	next_progenitor	0.0
277502	-0.09229752999999974	1.07586	first_progenitor	0.0
277500	-0.09229752999999974	1.07586	next_progenitor	587740.3
323163	-0.09229752999999974	0.18094935	first_progenitor	0.0
323165	-0.09229752999999974	0.18094935	next_progenitor	0.0
316393	-0.09229752999999974	0.9872924	first_progenitor	0.0
316391	-0.09229752999999974	0.9872924	next_progenitor	0.0
331720	-0.09229752999999974	1.4603775	first_progenitor	0.0
331719	-0.09229752999999974	1.4603775	next_progenitor	0.0
332672	-0.09229752999999974	0.21187882	first_progenitor	0.0
332673	-0.09229752999999974	0.21187882	next_progenitor	0.0
359558	-0.09229752999999974	0.1612843	first_progenitor	0.0
359561	-0.09229752999999974	0.1612843	next_progenitor	66254732.0
321360	-0.09229752999999974	0.35300228	first_progenitor	0.0
321361	-0.09229752999999974	0.35300228	next_progenitor	0.0
341077	-0.09229752999999974	0.21185255	first_progenitor	0.0
341079	-0.09229752999999974	0.21185255	next_progenitor	0.0
317127	-0.09229752999999974	0.24301808	first_progenitor	0.0
317129	-0.09229752999999974	0.24301808	next_progenitor	0.0
318370	-0.09229752999999974	0.24742036	first_progenitor	0.0
318371	-0.09229752999999974	0.24742036	next_progenitor	0.0
365364	-0.09229752999999974	0.15571675	first_progenitor	0.0
365370	-0.09229752999999974	0.15571675	next_progenitor	404845.97
333780	-0.09229752999999974	0.37175214	first_progenitor	0.0
333782	-0.09229752999999974	0.37175214	next_progenitor	0.0
358773	-0.09229752999999974	0.11489813	first_progenitor	0.0
358774	-0.09229752999999974	0.11489813	next_progenitor	0.0
342841	-0.09229752999999974	0.17936216	first_progenitor	2153977.2
342849	-0.09229752999999974	0.17936216	next_progenitor	0.0
369353	-0.09229752999999974	0.10705585	first_progenitor	0.0
369359	-0.09229752999999974	0.10705585	next_progenitor	0.0
344614	-0.09229752999999974	0.43074286	first_progenitor	223720.73
344615	-0.09229752999999974	0.43074286	next_progenitor	1676213.6
357289	-0.09229752999999974	0.2700071	first_progenitor	0.0
357293	-0.09229752999999974	0.2700071	next_progenitor	0.0
342638	-0.09229752999999974	0.13629748	first_progenitor	1036270.75
342640	-0.09229752999999974	0.13629748	next_progenitor	0.0
337155	-0.09229752999999974	0.28356913	first_progenitor	0.0
337156	-0.09229752999999974	0.28356913	next_progenitor	0.0
350951	-0.09229752999999974	0.10093966	first_progenitor	560075.5
350952	-0.09229752999999974	0.10093966	next_progenitor	0.0
382022	-0.09229752999999974	0.17335275	first_progenitor	0.0
382026	-0.09229752999999974	0.17335275	next_progenitor	0.0
346962	-0.09229752999999974	1.2012924	first_progenitor	0.0
346961	-0.09229752999999974	1.2012924	next_progenitor	0.0
358536	-0.09229752999999974	0.14185159	first_progenitor	0.0
358538	-0.09229752999999974	0.14185159	next_progenitor	0.0
344546	-0.09229752999999974	0.16371313	first_progenitor	0.0
344547	-0.09229752999999974	0.16371313	next_progenitor	0.0
354788	-0.09229752999999974	0.35677218	first_progenitor	0.0
354793	-0.09229752999999974	0.35677218	next_progenitor	0.0
377449	-0.09229752999999974	0.12428667	first_progenitor	0.0
344452	-0.09229752999999974	0.12428667	next_progenitor	75454200.0
327754	-0.09229752999999974	0.17426151	first_progenitor	4752875.5
327764	-0.09229752999999974	0.17426151	next_progenitor	0.0
354192	-0.09229752999999974	0.2939829	first_progenitor	0.0
354193	-0.09229752999999974	0.2939829	next_progenitor	0.0
371508	-0.09229752999999974	0.24237576	first_progenitor	0.0
371510	-0.09229752999999974	0.24237576	next_progenitor	0.0
316580	-0.09229752999999974	0.3518845	first_progenitor	0.0
316584	-0.09229752999999974	0.3518845	next_progenitor	0.0
378386	-0.09229752999999974	0.39902502	first_progenitor	0.0
378387	-0.09229752999999974	0.39902502	next_progenitor	0.0
382409	-0.09229752999999974	0.11448436	first_progenitor	0.0
382415	-0.09229752999999974	0.11448436	next_progenitor	0.0
349902	-0.09229752999999974	0.13405773	first_progenitor	0.0
349909	-0.09229752999999974	0.13405773	next_progenitor	0.0
