Subfind_ID	t-t_merg	q	Type	mass
6	0.23805190000000032	0.18052757	Descendant	5248403500.0
3775	0.23805190000000032	0.14097875	Descendant	0.0
14289	0.23805190000000032	0.14637028	Descendant	0.0
16025	0.23805190000000032	0.16037801	Descendant	0.0
23051	0.23805190000000032	0.31254873	Descendant	76827.586
43126	0.23805190000000032	1.3900845	Descendant	0.0
46841	0.23805190000000032	0.2254813	Descendant	0.0
48060	0.23805190000000032	0.23099722	Descendant	0.0
50816	0.23805190000000032	0.15167029	Descendant	0.0
53451	0.23805190000000032	0.10471741	Descendant	0.0
63778	0.23805190000000032	0.1471149	Descendant	0.0
66259	0.23805190000000032	0.15434968	Descendant	0.0
67900	0.23805190000000032	0.10068208	Descendant	0.0
68207	0.23805190000000032	0.17901386	Descendant	0.0
69879	0.23805190000000032	0.23457092	Descendant	0.0
71226	0.23805190000000032	0.4351082	Descendant	0.0
77430	0.23805190000000032	0.10217561	Descendant	0.0
78343	0.23805190000000032	0.18276112	Descendant	0.0
81903	0.23805190000000032	0.4112539	Descendant	0.0
82730	0.23805190000000032	0.10104523	Descendant	2839006.8
86962	0.23805190000000032	0.11656878	Descendant	0.0
88407	0.23805190000000032	1.872777	Descendant	322079.78
91773	0.23805190000000032	0.5002165	Descendant	0.0
92872	0.23805190000000032	0.10405947	Descendant	0.0
94385	0.23805190000000032	0.14194053	Descendant	0.0
95351	0.23805190000000032	0.11006746	Descendant	0.0
96160	0.23805190000000032	0.37679422	Descendant	0.0
96564	0.23805190000000032	4.7230744	Descendant	0.0
96566	0.23805190000000032	1.8637723	Descendant	0.0
104876	0.23805190000000032	0.2052285	Descendant	0.0
109385	0.23805190000000032	0.23027903	Descendant	0.0
109702	0.23805190000000032	0.11485369	Descendant	0.0
110781	0.23805190000000032	0.27830973	Descendant	0.0
112870	0.23805190000000032	0.21062277	Descendant	68826.14
114113	0.23805190000000032	1.7138388	Descendant	0.0
118835	0.23805190000000032	0.17643285	Descendant	86538.3
119531	0.23805190000000032	0.26498756	Descendant	38844.55
121343	0.23805190000000032	0.26700786	Descendant	0.0
122303	0.23805190000000032	0.3031645	Descendant	44431.047
122905	0.23805190000000032	0.24380872	Descendant	0.0
123733	0.23805190000000032	0.1345012	Descendant	0.0
125779	0.23805190000000032	0.20936437	Descendant	0.0
127640	0.23805190000000032	1.6216396	Descendant	0.0
129676	0.23805190000000032	0.26314297	Descendant	0.0
130716	0.23805190000000032	0.16794685	Descendant	291259.75
131975	0.23805190000000032	0.120614484	Descendant	0.0
137488	0.23805190000000032	1.6888064	Descendant	0.0
138615	0.23805190000000032	0.11627343	Descendant	1716649.1
139600	0.23805190000000032	0.2941051	Descendant	173420580.0
140119	0.23805190000000032	0.35903212	Descendant	0.0
143956	0.23805190000000032	0.18136962	Descendant	0.0
146003	0.23805190000000032	0.12462425	Descendant	0.0
150446	0.23805190000000032	0.14819129	Descendant	0.0
151216	0.23805190000000032	0.17584036	Descendant	0.0
151967	0.23805190000000032	0.23969544	Descendant	0.0
152827	0.23805190000000032	1.8930933	Descendant	0.0
153085	0.23805190000000032	0.3882045	Descendant	0.0
154845	0.23805190000000032	0.31512386	Descendant	0.0
155649	0.23805190000000032	0.6410389	Descendant	0.0
156060	0.23805190000000032	0.135961	Descendant	0.0
157934	0.23805190000000032	0.110294916	Descendant	0.0
158688	0.23805190000000032	1.2394814	Descendant	0.0
159082	0.23805190000000032	0.12710132	Descendant	0.0
159914	0.23805190000000032	0.45619166	Descendant	0.0
161870	0.23805190000000032	0.26707548	Descendant	0.0
162658	0.23805190000000032	0.148258	Descendant	0.0
166943	0.23805190000000032	0.7659359	Descendant	0.0
167499	0.23805190000000032	0.24616474	Descendant	0.0
168936	0.23805190000000032	1.1354026	Descendant	0.0
170147	0.23805190000000032	1.2973534	Descendant	0.0
170675	0.23805190000000032	0.16696198	Descendant	0.0
171790	0.23805190000000032	0.21416385	Descendant	0.0
171893	0.23805190000000032	0.121618636	Descendant	0.0
173959	0.23805190000000032	0.15090634	Descendant	0.0
175181	0.23805190000000032	0.15135047	Descendant	0.0
178361	0.23805190000000032	0.14869802	Descendant	7176097.5
180375	0.23805190000000032	0.10097866	Descendant	0.0
180674	0.23805190000000032	0.111668095	Descendant	0.0
181153	0.23805190000000032	0.2541645	Descendant	0.0
182117	0.23805190000000032	0.13592926	Descendant	0.0
182724	0.23805190000000032	0.5064679	Descendant	3232394.8
183388	0.23805190000000032	0.15331781	Descendant	0.0
183794	0.23805190000000032	0.20043735	Descendant	67651.65
186958	0.23805190000000032	0.28601024	Descendant	0.0
187869	0.23805190000000032	0.63996524	Descendant	0.0
189054	0.23805190000000032	0.13857807	Descendant	40045.61
190353	0.23805190000000032	0.13863094	Descendant	0.0
190527	0.23805190000000032	1.1392553	Descendant	0.0
190960	0.23805190000000032	0.14038394	Descendant	0.0
191751	0.23805190000000032	0.10659368	Descendant	0.0
193672	0.23805190000000032	0.66790134	Descendant	0.0
194430	0.23805190000000032	0.11711525	Descendant	0.0
195155	0.23805190000000032	0.216	Descendant	32699.17
195846	0.23805190000000032	1.2976574	Descendant	0.0
197124	0.23805190000000032	0.12420095	Descendant	6970518.0
198772	0.23805190000000032	0.3322875	Descendant	37613.19
199040	0.23805190000000032	0.663857	Descendant	69411.68
199635	0.23805190000000032	1.7737268	Descendant	0.0
202363	0.23805190000000032	0.16939956	Descendant	0.0
203348	0.23805190000000032	1.6561875	Descendant	0.0
204630	0.23805190000000032	0.23469207	Descendant	0.0
206531	0.23805190000000032	0.13228987	Descendant	0.0
206722	0.23805190000000032	0.19088477	Descendant	0.0
207595	0.23805190000000032	0.15855859	Descendant	0.0
207946	0.23805190000000032	0.46113208	Descendant	0.0
211095	0.23805190000000032	0.12500502	Descendant	0.0
213636	0.23805190000000032	0.20152031	Descendant	0.0
214747	0.23805190000000032	0.42751923	Descendant	0.0
216404	0.23805190000000032	2.3204222	Descendant	109696.63
216732	0.23805190000000032	0.10017593	Descendant	0.0
220005	0.23805190000000032	0.14554709	Descendant	0.0
220943	0.23805190000000032	1.1045957	Descendant	0.0
227182	0.23805190000000032	0.22217253	Descendant	0.0
227556	0.23805190000000032	0.18108578	Descendant	66106.37
228309	0.23805190000000032	0.22928634	Descendant	0.0
229460	0.23805190000000032	0.19373934	Descendant	0.0
231541	0.23805190000000032	0.102941915	Descendant	0.0
231943	0.23805190000000032	0.640998	Descendant	0.0
232415	0.23805190000000032	0.20420034	Descendant	0.0
233374	0.23805190000000032	0.1585778	Descendant	84174.305
234080	0.23805190000000032	0.31770042	Descendant	0.0
235090	0.23805190000000032	0.18717492	Descendant	52493.19
237151	0.23805190000000032	2.745114	Descendant	0.0
237693	0.23805190000000032	0.11938784	Descendant	0.0
238472	0.23805190000000032	0.431082	Descendant	0.0
239578	0.23805190000000032	0.39536113	Descendant	0.0
240864	0.23805190000000032	0.2383081	Descendant	0.0
242017	0.23805190000000032	0.16467953	Descendant	0.0
242254	0.23805190000000032	0.123061545	Descendant	291871.7
244549	0.23805190000000032	0.1929002	Descendant	0.0
245089	0.23805190000000032	0.1008663	Descendant	0.0
245417	0.23805190000000032	0.33666167	Descendant	0.0
247482	0.23805190000000032	0.10869529	Descendant	0.0
248886	0.23805190000000032	0.10858229	Descendant	393585.62
249195	0.23805190000000032	0.21058689	Descendant	4092904.2
250255	0.23805190000000032	0.11608957	Descendant	0.0
252164	0.23805190000000032	0.2940593	Descendant	0.0
252470	0.23805190000000032	0.6951208	Descendant	0.0
254354	0.23805190000000032	0.15842693	Descendant	0.0
258178	0.23805190000000032	0.13628685	Descendant	0.0
258701	0.23805190000000032	0.22886819	Descendant	0.0
259465	0.23805190000000032	0.36048818	Descendant	99256.89
260532	0.23805190000000032	0.14334668	Descendant	0.0
261369	0.23805190000000032	0.13468796	Descendant	0.0
261664	0.23805190000000032	0.10175965	Descendant	0.0
261793	0.23805190000000032	0.10262107	Descendant	0.0
262132	0.23805190000000032	0.24679022	Descendant	0.0
263849	0.23805190000000032	0.13673912	Descendant	0.0
264454	0.23805190000000032	0.177404	Descendant	53465.18
265149	0.23805190000000032	0.74452525	Descendant	0.0
265192	0.23805190000000032	0.29249743	Descendant	0.0
265592	0.23805190000000032	0.21550736	Descendant	0.0
266616	0.23805190000000032	0.26108658	Descendant	0.0
267099	0.23805190000000032	1.1863158	Descendant	0.0
267310	0.23805190000000032	0.12372177	Descendant	0.0
268836	0.23805190000000032	0.17214556	Descendant	0.0
269618	0.23805190000000032	0.11739192	Descendant	0.0
269891	0.23805190000000032	0.15108621	Descendant	0.0
271590	0.23805190000000032	0.8025882	Descendant	0.0
271915	0.23805190000000032	0.10364651	Descendant	7349751.5
271916	0.23805190000000032	0.10208341	Descendant	8558543.0
273828	0.23805190000000032	0.12190589	Descendant	0.0
275229	0.23805190000000032	0.49413303	Descendant	0.0
275766	0.23805190000000032	0.5939524	Descendant	52881.188
279773	0.23805190000000032	0.6055632	Descendant	0.0
280730	0.23805190000000032	0.19249088	Descendant	0.0
284215	0.23805190000000032	0.17781428	Descendant	0.0
284313	0.23805190000000032	0.1269045	Descendant	177871000.0
286515	0.23805190000000032	0.7963758	Descendant	0.0
288843	0.23805190000000032	2.9397902	Descendant	0.0
289276	0.23805190000000032	0.40004316	Descendant	0.0
290528	0.23805190000000032	0.18338947	Descendant	0.0
293617	0.23805190000000032	0.19632594	Descendant	0.0
293633	0.23805190000000032	0.12912442	Descendant	0.0
296441	0.23805190000000032	0.10413918	Descendant	0.0
296724	0.23805190000000032	0.38646582	Descendant	84505.94
297316	0.23805190000000032	0.29882148	Descendant	0.0
297546	0.23805190000000032	0.34543207	Descendant	0.0
297938	0.23805190000000032	0.45884302	Descendant	94728.98
299159	0.23805190000000032	0.1515984	Descendant	0.0
300562	0.23805190000000032	0.24913345	Descendant	0.0
301437	0.23805190000000032	0.28031924	Descendant	0.0
301998	0.23805190000000032	0.2234362	Descendant	41925.84
302689	0.23805190000000032	2.4619067	Descendant	0.0
303394	0.23805190000000032	0.34577388	Descendant	0.0
303531	0.23805190000000032	0.13459583	Descendant	0.0
305116	0.23805190000000032	0.21874365	Descendant	0.0
307628	0.23805190000000032	0.2472841	Descendant	0.0
307963	0.23805190000000032	0.5655022	Descendant	29208.549
308211	0.23805190000000032	0.19313513	Descendant	0.0
308455	0.23805190000000032	0.2742717	Descendant	641757.2
308536	0.23805190000000032	0.34245846	Descendant	0.0
308831	0.23805190000000032	0.2587769	Descendant	9690249.0
310356	0.23805190000000032	0.13240795	Descendant	91329.875
310525	0.23805190000000032	0.67380804	Descendant	253352.67
311092	0.23805190000000032	0.10363687	Descendant	0.0
312104	0.23805190000000032	0.94692487	Descendant	0.0
313343	0.23805190000000032	1.5287199	Descendant	42585.805
313723	0.23805190000000032	0.43404514	Descendant	0.0
314720	0.23805190000000032	0.15553115	Descendant	0.0
314820	0.23805190000000032	0.122576065	Descendant	0.0
315186	0.23805190000000032	0.15433528	Descendant	0.0
315358	0.23805190000000032	0.5474615	Descendant	4142122.5
316675	0.23805190000000032	0.11031736	Descendant	0.0
317406	0.23805190000000032	0.51771176	Descendant	0.0
317657	0.23805190000000032	0.13823321	Descendant	85655460.0
321535	0.23805190000000032	0.13804618	Descendant	0.0
321658	0.23805190000000032	0.33156675	Descendant	61649.5
322615	0.23805190000000032	0.22385974	Descendant	46111.75
324013	0.23805190000000032	0.10593862	Descendant	0.0
324858	0.23805190000000032	0.41741252	Descendant	467936.12
327008	0.23805190000000032	0.27425903	Descendant	27540986.0
328987	0.23805190000000032	0.1217314	Descendant	0.0
332265	0.23805190000000032	1.3234713	Descendant	0.0
332290	0.23805190000000032	1.126601	Descendant	157356.02
333079	0.23805190000000032	0.1155481	Descendant	0.0
335443	0.23805190000000032	1.2353296	Descendant	399662.2
336508	0.23805190000000032	1.5391768	Descendant	7950092.5
338220	0.23805190000000032	0.1605601	Descendant	0.0
338787	0.23805190000000032	0.1120719	Descendant	0.0
341701	0.23805190000000032	0.13139728	Descendant	0.0
341720	0.23805190000000032	1.4762993	Descendant	0.0
342903	0.23805190000000032	0.2538154	Descendant	0.0
343899	0.23805190000000032	0.7420841	Descendant	0.0
345193	0.23805190000000032	0.18419616	Descendant	0.0
347897	0.23805190000000032	2.1773908	Descendant	0.0
347956	0.23805190000000032	0.13085458	Descendant	0.0
348684	0.23805190000000032	0.82574874	Descendant	0.0
349384	0.23805190000000032	0.5250805	Descendant	0.0
350690	0.23805190000000032	0.81740505	Descendant	0.0
352350	0.23805190000000032	1.3974615	Descendant	67578.57
354253	0.23805190000000032	0.14229007	Descendant	42051.867
354406	0.23805190000000032	1.1224169	Descendant	0.0
355583	0.23805190000000032	0.20994073	Descendant	0.0
360369	0.23805190000000032	0.20682064	Descendant	0.0
360932	0.23805190000000032	1.2005204	Descendant	0.0
361894	0.23805190000000032	0.19879156	Descendant	0.0
362615	0.23805190000000032	0.11670196	Descendant	0.0
363580	0.23805190000000032	0.14847723	Descendant	584646.75
364581	0.23805190000000032	0.14950709	Descendant	0.0
365910	0.23805190000000032	0.25424397	Descendant	0.0
366761	0.23805190000000032	0.538509	Descendant	165600.16
366816	0.23805190000000032	1.0560364	Descendant	0.0
366952	0.23805190000000032	0.54087085	Descendant	0.0
369578	0.23805190000000032	1.2607481	Descendant	0.0
370221	0.23805190000000032	0.15915097	Descendant	0.0
370332	0.23805190000000032	0.40380424	Descendant	0.0
373907	0.23805190000000032	0.2404394	Descendant	38644.695
374542	0.23805190000000032	0.106805354	Descendant	42511.47
375214	0.23805190000000032	0.14545748	Descendant	0.0
375412	0.23805190000000032	0.10274777	Descendant	0.0
379087	0.23805190000000032	0.1483736	Descendant	0.0
379155	0.23805190000000032	0.15124674	Descendant	1422505.1
379432	0.23805190000000032	0.21492939	Descendant	0.0
379736	0.23805190000000032	0.23685534	Descendant	35793.223
380417	0.23805190000000032	0.5802124	Descendant	0.0
381833	0.23805190000000032	0.21712486	Descendant	0.0
381977	0.23805190000000032	1.4971352	Descendant	0.0
390040	0.23805190000000032	0.12855053	Descendant	0.0
396323	0.23805190000000032	0.19097617	Descendant	0.0
399500	0.23805190000000032	0.19105625	Descendant	0.0
402916	0.23805190000000032	0.65713954	Descendant	0.0
405501	0.23805190000000032	0.13339023	Descendant	0.0
405971	0.23805190000000032	0.15540408	Descendant	0.0
407154	0.23805190000000032	0.12944825	Descendant	0.0
407833	0.23805190000000032	0.80294734	Descendant	0.0
410871	0.23805190000000032	0.20630324	Descendant	22538236.0
420082	0.23805190000000032	0.13969454	Descendant	0.0
420992	0.23805190000000032	0.18767819	Descendant	0.0
429152	0.23805190000000032	0.17940658	Descendant	0.0
