Subfind_ID	t-t_merg	q	Type	mass
1930	-0.4566314200000008	0.18052757	first_progenitor	0.0
1941	-0.4566314200000008	0.18052757	next_progenitor	0.0
141556	-0.4566314200000008	0.14097875	first_progenitor	49241.742
141559	-0.4566314200000008	0.14097875	next_progenitor	0.0
21801	-0.4566314200000008	0.14637028	first_progenitor	0.0
21812	-0.4566314200000008	0.14637028	next_progenitor	81584.44
7867	-0.4566314200000008	0.16037801	first_progenitor	0.0
7868	-0.4566314200000008	0.16037801	next_progenitor	0.0
19096	-0.4566314200000008	0.31254873	first_progenitor	0.0
22559	-0.4566314200000008	0.31254873	next_progenitor	0.0
41369	-0.4566314200000008	1.3900845	first_progenitor	0.0
41368	-0.4566314200000008	1.3900845	next_progenitor	0.0
311235	-0.4566314200000008	0.2254813	first_progenitor	0.0
235718	-0.4566314200000008	0.2254813	next_progenitor	0.0
31632	-0.4566314200000008	0.23099722	first_progenitor	0.0
31633	-0.4566314200000008	0.23099722	next_progenitor	135233.19
68148	-0.4566314200000008	0.15167029	first_progenitor	0.0
68162	-0.4566314200000008	0.15167029	next_progenitor	0.0
84323	-0.4566314200000008	0.10471741	first_progenitor	1612529.0
168101	-0.4566314200000008	0.10471741	next_progenitor	0.0
55368	-0.4566314200000008	0.1471149	first_progenitor	0.0
150138	-0.4566314200000008	0.1471149	next_progenitor	0.0
101532	-0.4566314200000008	0.15434968	first_progenitor	0.0
101534	-0.4566314200000008	0.15434968	next_progenitor	0.0
83166	-0.4566314200000008	0.10068208	first_progenitor	0.0
83167	-0.4566314200000008	0.10068208	next_progenitor	0.0
267224	-0.4566314200000008	0.17901386	first_progenitor	0.0
267225	-0.4566314200000008	0.17901386	next_progenitor	0.0
244344	-0.4566314200000008	0.23457092	first_progenitor	32613.719
228198	-0.4566314200000008	0.23457092	next_progenitor	246441.86
100397	-0.4566314200000008	0.4351082	first_progenitor	0.0
100401	-0.4566314200000008	0.4351082	next_progenitor	0.0
217750	-0.4566314200000008	0.10217561	first_progenitor	0.0
217751	-0.4566314200000008	0.10217561	next_progenitor	0.0
103732	-0.4566314200000008	0.18276112	first_progenitor	0.0
103733	-0.4566314200000008	0.18276112	next_progenitor	91807.016
40043	-0.4566314200000008	0.4112539	first_progenitor	0.0
40042	-0.4566314200000008	0.4112539	next_progenitor	40346.258
78708	-0.4566314200000008	0.10104523	first_progenitor	0.0
78709	-0.4566314200000008	0.10104523	next_progenitor	0.0
56460	-0.4566314200000008	0.11656878	first_progenitor	0.0
56457	-0.4566314200000008	0.11656878	next_progenitor	0.0
245764	-0.4566314200000008	1.872777	first_progenitor	0.0
211363	-0.4566314200000008	1.872777	next_progenitor	0.0
47238	-0.4566314200000008	0.5002165	first_progenitor	0.0
47240	-0.4566314200000008	0.5002165	next_progenitor	1359213.4
196775	-0.4566314200000008	0.10405947	first_progenitor	0.0
196782	-0.4566314200000008	0.10405947	next_progenitor	0.0
90489	-0.4566314200000008	0.14194053	first_progenitor	5510457.5
90490	-0.4566314200000008	0.14194053	next_progenitor	574218.25
48360	-0.4566314200000008	0.11006746	first_progenitor	884659.44
48361	-0.4566314200000008	0.11006746	next_progenitor	233476.0
74224	-0.4566314200000008	0.37679422	first_progenitor	0.0
74226	-0.4566314200000008	0.37679422	next_progenitor	0.0
1104021	-0.4566314200000008	4.7230744	first_progenitor	0.0
139020	-0.4566314200000008	4.7230744	next_progenitor	0.0
185586	-0.4566314200000008	1.8637723	first_progenitor	855885.75
185592	-0.4566314200000008	1.8637723	next_progenitor	100635.8
67194	-0.4566314200000008	0.2052285	first_progenitor	0.0
57787	-0.4566314200000008	0.2052285	next_progenitor	0.0
146543	-0.4566314200000008	0.23027903	first_progenitor	0.0
146545	-0.4566314200000008	0.23027903	next_progenitor	0.0
84736	-0.4566314200000008	0.11485369	first_progenitor	0.0
84738	-0.4566314200000008	0.11485369	next_progenitor	0.0
66992	-0.4566314200000008	0.27830973	first_progenitor	0.0
66991	-0.4566314200000008	0.27830973	next_progenitor	0.0
79387	-0.4566314200000008	0.21062277	first_progenitor	0.0
79388	-0.4566314200000008	0.21062277	next_progenitor	0.0
121635	-0.4566314200000008	1.7138388	first_progenitor	165504.06
121638	-0.4566314200000008	1.7138388	next_progenitor	0.0
298125	-0.4566314200000008	0.17643285	first_progenitor	0.0
298126	-0.4566314200000008	0.17643285	next_progenitor	114421.06
115527	-0.4566314200000008	0.26498756	first_progenitor	0.0
115528	-0.4566314200000008	0.26498756	next_progenitor	0.0
124670	-0.4566314200000008	0.26700786	first_progenitor	286112.47
124671	-0.4566314200000008	0.26700786	next_progenitor	0.0
64920	-0.4566314200000008	0.3031645	first_progenitor	0.0
64922	-0.4566314200000008	0.3031645	next_progenitor	0.0
100692	-0.4566314200000008	0.24380872	first_progenitor	0.0
100693	-0.4566314200000008	0.24380872	next_progenitor	0.0
291338	-0.4566314200000008	0.1345012	first_progenitor	0.0
291339	-0.4566314200000008	0.1345012	next_progenitor	0.0
78580	-0.4566314200000008	0.20936437	first_progenitor	0.0
69251	-0.4566314200000008	0.20936437	next_progenitor	6192579.0
85041	-0.4566314200000008	1.6216396	first_progenitor	0.0
97322	-0.4566314200000008	1.6216396	next_progenitor	0.0
293810	-0.4566314200000008	0.26314297	first_progenitor	0.0
293811	-0.4566314200000008	0.26314297	next_progenitor	0.0
135680	-0.4566314200000008	0.16794685	first_progenitor	0.0
135681	-0.4566314200000008	0.16794685	next_progenitor	0.0
78010	-0.4566314200000008	0.120614484	first_progenitor	158863.52
78011	-0.4566314200000008	0.120614484	next_progenitor	0.0
80098	-0.4566314200000008	1.6888064	first_progenitor	0.0
88293	-0.4566314200000008	1.6888064	next_progenitor	0.0
242784	-0.4566314200000008	0.11627343	first_progenitor	0.0
242786	-0.4566314200000008	0.11627343	next_progenitor	0.0
265440	-0.4566314200000008	0.2941051	first_progenitor	2318451.8
265441	-0.4566314200000008	0.2941051	next_progenitor	178165.28
79710	-0.4566314200000008	0.35903212	first_progenitor	3211874800.0
79711	-0.4566314200000008	0.35903212	next_progenitor	4200991.0
260028	-0.4566314200000008	0.18136962	first_progenitor	0.0
237762	-0.4566314200000008	0.18136962	next_progenitor	0.0
132127	-0.4566314200000008	0.12462425	first_progenitor	0.0
132128	-0.4566314200000008	0.12462425	next_progenitor	0.0
229331	-0.4566314200000008	0.14819129	first_progenitor	0.0
217775	-0.4566314200000008	0.14819129	next_progenitor	0.0
142081	-0.4566314200000008	0.17584036	first_progenitor	0.0
142082	-0.4566314200000008	0.17584036	next_progenitor	0.0
279752	-0.4566314200000008	0.23969544	first_progenitor	49986400.0
279753	-0.4566314200000008	0.23969544	next_progenitor	8924471.0
99216	-0.4566314200000008	1.8930933	first_progenitor	0.0
84754	-0.4566314200000008	1.8930933	next_progenitor	0.0
248027	-0.4566314200000008	0.3882045	first_progenitor	0.0
242478	-0.4566314200000008	0.3882045	next_progenitor	0.0
229479	-0.4566314200000008	0.31512386	first_progenitor	0.0
229481	-0.4566314200000008	0.31512386	next_progenitor	157468800.0
74794	-0.4566314200000008	0.6410389	first_progenitor	57008788.0
83272	-0.4566314200000008	0.6410389	next_progenitor	436445.7
273378	-0.4566314200000008	0.135961	first_progenitor	0.0
269176	-0.4566314200000008	0.135961	next_progenitor	0.0
106633	-0.4566314200000008	0.110294916	first_progenitor	0.0
106639	-0.4566314200000008	0.110294916	next_progenitor	0.0
99135	-0.4566314200000008	1.2394814	first_progenitor	0.0
99137	-0.4566314200000008	1.2394814	next_progenitor	0.0
151411	-0.4566314200000008	0.12710132	first_progenitor	38000424.0
245519	-0.4566314200000008	0.12710132	next_progenitor	87040.516
310501	-0.4566314200000008	0.45619166	first_progenitor	29943.428
294070	-0.4566314200000008	0.45619166	next_progenitor	71213.72
127132	-0.4566314200000008	0.26707548	first_progenitor	0.0
127133	-0.4566314200000008	0.26707548	next_progenitor	0.0
105046	-0.4566314200000008	0.148258	first_progenitor	0.0
105048	-0.4566314200000008	0.148258	next_progenitor	0.0
111827	-0.4566314200000008	0.7659359	first_progenitor	0.0
102150	-0.4566314200000008	0.7659359	next_progenitor	36868.543
114747	-0.4566314200000008	0.24616474	first_progenitor	0.0
114748	-0.4566314200000008	0.24616474	next_progenitor	0.0
142175	-0.4566314200000008	1.1354026	first_progenitor	0.0
175901	-0.4566314200000008	1.1354026	next_progenitor	0.0
187727	-0.4566314200000008	1.2973534	first_progenitor	0.0
187729	-0.4566314200000008	1.2973534	next_progenitor	0.0
109389	-0.4566314200000008	0.16696198	first_progenitor	0.0
109393	-0.4566314200000008	0.16696198	next_progenitor	0.0
218068	-0.4566314200000008	0.21416385	first_progenitor	0.0
205683	-0.4566314200000008	0.21416385	next_progenitor	0.0
114948	-0.4566314200000008	0.121618636	first_progenitor	2747547.0
114949	-0.4566314200000008	0.121618636	next_progenitor	67680.17
158413	-0.4566314200000008	0.15090634	first_progenitor	0.0
158414	-0.4566314200000008	0.15090634	next_progenitor	0.0
233039	-0.4566314200000008	0.15135047	first_progenitor	180211.98
233040	-0.4566314200000008	0.15135047	next_progenitor	571647.9
106776	-0.4566314200000008	0.14869802	first_progenitor	0.0
106779	-0.4566314200000008	0.14869802	next_progenitor	0.0
266063	-0.4566314200000008	0.10097866	first_progenitor	0.0
266066	-0.4566314200000008	0.10097866	next_progenitor	0.0
233766	-0.4566314200000008	0.111668095	first_progenitor	53879.36
248727	-0.4566314200000008	0.111668095	next_progenitor	0.0
130378	-0.4566314200000008	0.2541645	first_progenitor	0.0
120211	-0.4566314200000008	0.2541645	next_progenitor	0.0
318307	-0.4566314200000008	0.13592926	first_progenitor	0.0
318308	-0.4566314200000008	0.13592926	next_progenitor	88533.74
144815	-0.4566314200000008	0.5064679	first_progenitor	144051.33
144813	-0.4566314200000008	0.5064679	next_progenitor	0.0
95102	-0.4566314200000008	0.15331781	first_progenitor	0.0
95111	-0.4566314200000008	0.15331781	next_progenitor	0.0
142769	-0.4566314200000008	0.20043735	first_progenitor	1731235000.0
142770	-0.4566314200000008	0.20043735	next_progenitor	1837477.1
152086	-0.4566314200000008	0.28601024	first_progenitor	0.0
152087	-0.4566314200000008	0.28601024	next_progenitor	80215.875
237453	-0.4566314200000008	0.63996524	first_progenitor	169328.23
221949	-0.4566314200000008	0.63996524	next_progenitor	39742.555
38530	-0.4566314200000008	0.13857807	first_progenitor	2951921.0
38534	-0.4566314200000008	0.13857807	next_progenitor	824483.06
156304	-0.4566314200000008	0.13863094	first_progenitor	0.0
156305	-0.4566314200000008	0.13863094	next_progenitor	0.0
116258	-0.4566314200000008	1.1392553	first_progenitor	71366.78
116291	-0.4566314200000008	1.1392553	next_progenitor	42251.777
257151	-0.4566314200000008	0.14038394	first_progenitor	0.0
238548	-0.4566314200000008	0.14038394	next_progenitor	1535631.6
154339	-0.4566314200000008	0.10659368	first_progenitor	0.0
164504	-0.4566314200000008	0.10659368	next_progenitor	0.0
128659	-0.4566314200000008	0.66790134	first_progenitor	0.0
102747	-0.4566314200000008	0.66790134	next_progenitor	0.0
217171	-0.4566314200000008	0.11711525	first_progenitor	0.0
217172	-0.4566314200000008	0.11711525	next_progenitor	0.0
156877	-0.4566314200000008	0.216	first_progenitor	0.0
156878	-0.4566314200000008	0.216	next_progenitor	39458.8
156747	-0.4566314200000008	1.2976574	first_progenitor	0.0
155492	-0.4566314200000008	1.2976574	next_progenitor	804286.7
223166	-0.4566314200000008	0.12420095	first_progenitor	0.0
223171	-0.4566314200000008	0.12420095	next_progenitor	0.0
173060	-0.4566314200000008	0.3322875	first_progenitor	0.0
173061	-0.4566314200000008	0.3322875	next_progenitor	0.0
273819	-0.4566314200000008	0.663857	first_progenitor	0.0
273822	-0.4566314200000008	0.663857	next_progenitor	0.0
278747	-0.4566314200000008	1.7737268	first_progenitor	0.0
278749	-0.4566314200000008	1.7737268	next_progenitor	44028.33
127908	-0.4566314200000008	0.16939956	first_progenitor	0.0
127910	-0.4566314200000008	0.16939956	next_progenitor	0.0
170847	-0.4566314200000008	1.6561875	first_progenitor	0.0
170905	-0.4566314200000008	1.6561875	next_progenitor	0.0
189974	-0.4566314200000008	0.23469207	first_progenitor	0.0
189976	-0.4566314200000008	0.23469207	next_progenitor	0.0
207774	-0.4566314200000008	0.13228987	first_progenitor	0.0
196012	-0.4566314200000008	0.13228987	next_progenitor	0.0
226523	-0.4566314200000008	0.19088477	first_progenitor	37394.094
217218	-0.4566314200000008	0.19088477	next_progenitor	0.0
291254	-0.4566314200000008	0.15855859	first_progenitor	0.0
277449	-0.4566314200000008	0.15855859	next_progenitor	588359.6
126671	-0.4566314200000008	0.46113208	first_progenitor	0.0
120932	-0.4566314200000008	0.46113208	next_progenitor	0.0
149033	-0.4566314200000008	0.12500502	first_progenitor	0.0
149035	-0.4566314200000008	0.12500502	next_progenitor	0.0
127498	-0.4566314200000008	0.20152031	first_progenitor	41459.98
127499	-0.4566314200000008	0.20152031	next_progenitor	0.0
155280	-0.4566314200000008	0.42751923	first_progenitor	0.0
155279	-0.4566314200000008	0.42751923	next_progenitor	0.0
254014	-0.4566314200000008	2.3204222	first_progenitor	0.0
254022	-0.4566314200000008	2.3204222	next_progenitor	1537801.6
190648	-0.4566314200000008	0.10017593	first_progenitor	0.0
190651	-0.4566314200000008	0.10017593	next_progenitor	0.0
122715	-0.4566314200000008	0.14554709	first_progenitor	49996.61
122717	-0.4566314200000008	0.14554709	next_progenitor	0.0
206035	-0.4566314200000008	1.1045957	first_progenitor	0.0
206034	-0.4566314200000008	1.1045957	next_progenitor	0.0
236480	-0.4566314200000008	0.22217253	first_progenitor	0.0
280792	-0.4566314200000008	0.22217253	next_progenitor	0.0
148867	-0.4566314200000008	0.18108578	first_progenitor	50443.805
148868	-0.4566314200000008	0.18108578	next_progenitor	0.0
193595	-0.4566314200000008	0.22928634	first_progenitor	0.0
193597	-0.4566314200000008	0.22928634	next_progenitor	0.0
140383	-0.4566314200000008	0.19373934	first_progenitor	3737194.0
177342	-0.4566314200000008	0.19373934	next_progenitor	345889.9
262518	-0.4566314200000008	0.102941915	first_progenitor	0.0
262519	-0.4566314200000008	0.102941915	next_progenitor	0.0
238031	-0.4566314200000008	0.640998	first_progenitor	0.0
238032	-0.4566314200000008	0.640998	next_progenitor	0.0
164970	-0.4566314200000008	0.20420034	first_progenitor	0.0
164971	-0.4566314200000008	0.20420034	next_progenitor	0.0
171403	-0.4566314200000008	0.1585778	first_progenitor	0.0
171405	-0.4566314200000008	0.1585778	next_progenitor	0.0
159653	-0.4566314200000008	0.31770042	first_progenitor	58394.34
149728	-0.4566314200000008	0.31770042	next_progenitor	0.0
175042	-0.4566314200000008	0.18717492	first_progenitor	0.0
164421	-0.4566314200000008	0.18717492	next_progenitor	0.0
164976	-0.4566314200000008	2.745114	first_progenitor	0.0
172930	-0.4566314200000008	2.745114	next_progenitor	0.0
173315	-0.4566314200000008	0.11938784	first_progenitor	0.0
173317	-0.4566314200000008	0.11938784	next_progenitor	0.0
169112	-0.4566314200000008	0.431082	first_progenitor	0.0
156073	-0.4566314200000008	0.431082	next_progenitor	0.0
160651	-0.4566314200000008	0.39536113	first_progenitor	182470.61
160652	-0.4566314200000008	0.39536113	next_progenitor	0.0
224703	-0.4566314200000008	0.2383081	first_progenitor	74250.305
224704	-0.4566314200000008	0.2383081	next_progenitor	0.0
168748	-0.4566314200000008	0.16467953	first_progenitor	422577920.0
156779	-0.4566314200000008	0.16467953	next_progenitor	0.0
237769	-0.4566314200000008	0.123061545	first_progenitor	0.0
237770	-0.4566314200000008	0.123061545	next_progenitor	0.0
150790	-0.4566314200000008	0.1929002	first_progenitor	0.0
150792	-0.4566314200000008	0.1929002	next_progenitor	0.0
159362	-0.4566314200000008	0.1008663	first_progenitor	693731.6
159365	-0.4566314200000008	0.1008663	next_progenitor	719475.0
284201	-0.4566314200000008	0.33666167	first_progenitor	0.0
284199	-0.4566314200000008	0.33666167	next_progenitor	0.0
164226	-0.4566314200000008	0.10869529	first_progenitor	0.0
164230	-0.4566314200000008	0.10869529	next_progenitor	0.0
214343	-0.4566314200000008	0.10858229	first_progenitor	0.0
214345	-0.4566314200000008	0.10858229	next_progenitor	0.0
180930	-0.4566314200000008	0.21058689	first_progenitor	0.0
180931	-0.4566314200000008	0.21058689	next_progenitor	0.0
155680	-0.4566314200000008	0.11608957	first_progenitor	3169206.2
155681	-0.4566314200000008	0.11608957	next_progenitor	1808422.6
165506	-0.4566314200000008	0.2940593	first_progenitor	0.0
165509	-0.4566314200000008	0.2940593	next_progenitor	88282.914
220685	-0.4566314200000008	0.6951208	first_progenitor	283051.2
237647	-0.4566314200000008	0.6951208	next_progenitor	0.0
170410	-0.4566314200000008	0.15842693	first_progenitor	126266.11
170411	-0.4566314200000008	0.15842693	next_progenitor	2189877.8
209428	-0.4566314200000008	0.13628685	first_progenitor	0.0
189542	-0.4566314200000008	0.13628685	next_progenitor	102887.59
239706	-0.4566314200000008	0.22886819	first_progenitor	2455966.0
239708	-0.4566314200000008	0.22886819	next_progenitor	841826.7
186907	-0.4566314200000008	0.36048818	first_progenitor	1909767.9
186908	-0.4566314200000008	0.36048818	next_progenitor	7301449.0
267894	-0.4566314200000008	0.14334668	first_progenitor	0.0
267895	-0.4566314200000008	0.14334668	next_progenitor	0.0
212973	-0.4566314200000008	0.13468796	first_progenitor	35568384.0
198623	-0.4566314200000008	0.13468796	next_progenitor	0.0
181032	-0.4566314200000008	0.10175965	first_progenitor	51891.65
181033	-0.4566314200000008	0.10175965	next_progenitor	0.0
166457	-0.4566314200000008	0.10262107	first_progenitor	0.0
166462	-0.4566314200000008	0.10262107	next_progenitor	0.0
191805	-0.4566314200000008	0.24679022	first_progenitor	0.0
176119	-0.4566314200000008	0.24679022	next_progenitor	0.0
252103	-0.4566314200000008	0.13673912	first_progenitor	0.0
252105	-0.4566314200000008	0.13673912	next_progenitor	0.0
229176	-0.4566314200000008	0.177404	first_progenitor	0.0
229177	-0.4566314200000008	0.177404	next_progenitor	51371.645
158939	-0.4566314200000008	0.74452525	first_progenitor	0.0
6305571	-0.4566314200000008	0.74452525	next_progenitor	0.0
201759	-0.4566314200000008	0.29249743	first_progenitor	79244104.0
201755	-0.4566314200000008	0.29249743	next_progenitor	0.0
179362	-0.4566314200000008	0.21550736	first_progenitor	86404.85
179363	-0.4566314200000008	0.21550736	next_progenitor	0.0
305233	-0.4566314200000008	0.26108658	first_progenitor	66397.32
305234	-0.4566314200000008	0.26108658	next_progenitor	0.0
253235	-0.4566314200000008	1.1863158	first_progenitor	0.0
253238	-0.4566314200000008	1.1863158	next_progenitor	0.0
236433	-0.4566314200000008	0.12372177	first_progenitor	0.0
223485	-0.4566314200000008	0.12372177	next_progenitor	0.0
177004	-0.4566314200000008	0.17214556	first_progenitor	0.0
164599	-0.4566314200000008	0.17214556	next_progenitor	823732.56
228523	-0.4566314200000008	0.11739192	first_progenitor	0.0
228524	-0.4566314200000008	0.11739192	next_progenitor	0.0
283290	-0.4566314200000008	0.15108621	first_progenitor	0.0
270572	-0.4566314200000008	0.15108621	next_progenitor	68721.14
145931	-0.4566314200000008	0.8025882	first_progenitor	0.0
182726	-0.4566314200000008	0.8025882	next_progenitor	0.0
245091	-0.4566314200000008	0.10364651	first_progenitor	0.0
245092	-0.4566314200000008	0.10364651	next_progenitor	0.0
305673	-0.4566314200000008	0.10208341	first_progenitor	0.0
305674	-0.4566314200000008	0.10208341	next_progenitor	124900.44
216110	-0.4566314200000008	0.12190589	first_progenitor	0.0
216111	-0.4566314200000008	0.12190589	next_progenitor	0.0
204520	-0.4566314200000008	0.49413303	first_progenitor	0.0
191811	-0.4566314200000008	0.49413303	next_progenitor	0.0
233145	-0.4566314200000008	0.5939524	first_progenitor	63273.68
255967	-0.4566314200000008	0.5939524	next_progenitor	0.0
225879	-0.4566314200000008	0.6055632	first_progenitor	0.0
225899	-0.4566314200000008	0.6055632	next_progenitor	0.0
214711	-0.4566314200000008	0.19249088	first_progenitor	0.0
214713	-0.4566314200000008	0.19249088	next_progenitor	47260.633
214671	-0.4566314200000008	0.17781428	first_progenitor	0.0
214673	-0.4566314200000008	0.17781428	next_progenitor	0.0
293099	-0.4566314200000008	0.1269045	first_progenitor	0.0
293100	-0.4566314200000008	0.1269045	next_progenitor	0.0
191453	-0.4566314200000008	0.7963758	first_progenitor	0.0
175921	-0.4566314200000008	0.7963758	next_progenitor	0.0
208192	-0.4566314200000008	2.9397902	first_progenitor	166437.3
223459	-0.4566314200000008	2.9397902	next_progenitor	0.0
215022	-0.4566314200000008	0.40004316	first_progenitor	117684.164
170402	-0.4566314200000008	0.40004316	next_progenitor	329786140.0
283019	-0.4566314200000008	0.18338947	first_progenitor	0.0
278025	-0.4566314200000008	0.18338947	next_progenitor	0.0
170661	-0.4566314200000008	0.19632594	first_progenitor	1407275.1
170662	-0.4566314200000008	0.19632594	next_progenitor	193458.4
193676	-0.4566314200000008	0.12912442	first_progenitor	188240.56
193682	-0.4566314200000008	0.12912442	next_progenitor	42123.625
199504	-0.4566314200000008	0.10413918	first_progenitor	52632.203
199505	-0.4566314200000008	0.10413918	next_progenitor	31234.186
217352	-0.4566314200000008	0.38646582	first_progenitor	96817.38
204582	-0.4566314200000008	0.38646582	next_progenitor	0.0
194934	-0.4566314200000008	0.29882148	first_progenitor	0.0
194936	-0.4566314200000008	0.29882148	next_progenitor	0.0
219988	-0.4566314200000008	0.34543207	first_progenitor	0.0
172837	-0.4566314200000008	0.34543207	next_progenitor	0.0
310855	-0.4566314200000008	0.45884302	first_progenitor	0.0
363017	-0.4566314200000008	0.45884302	next_progenitor	0.0
238276	-0.4566314200000008	0.1515984	first_progenitor	0.0
238277	-0.4566314200000008	0.1515984	next_progenitor	0.0
132861	-0.4566314200000008	0.24913345	first_progenitor	93286.484
132867	-0.4566314200000008	0.24913345	next_progenitor	126559.055
212810	-0.4566314200000008	0.28031924	first_progenitor	0.0
212812	-0.4566314200000008	0.28031924	next_progenitor	78010.25
209975	-0.4566314200000008	0.2234362	first_progenitor	0.0
209976	-0.4566314200000008	0.2234362	next_progenitor	0.0
213347	-0.4566314200000008	2.4619067	first_progenitor	294308.6
213352	-0.4566314200000008	2.4619067	next_progenitor	0.0
207533	-0.4566314200000008	0.34577388	first_progenitor	0.0
207534	-0.4566314200000008	0.34577388	next_progenitor	0.0
271323	-0.4566314200000008	0.13459583	first_progenitor	0.0
271324	-0.4566314200000008	0.13459583	next_progenitor	0.0
258638	-0.4566314200000008	0.21874365	first_progenitor	135242130.0
258639	-0.4566314200000008	0.21874365	next_progenitor	18367934.0
277282	-0.4566314200000008	0.2472841	first_progenitor	0.0
277281	-0.4566314200000008	0.2472841	next_progenitor	0.0
284900	-0.4566314200000008	0.5655022	first_progenitor	0.0
332357	-0.4566314200000008	0.5655022	next_progenitor	2782005.0
201532	-0.4566314200000008	0.19313513	first_progenitor	0.0
201533	-0.4566314200000008	0.19313513	next_progenitor	97963.03
276275	-0.4566314200000008	0.2742717	first_progenitor	0.0
276276	-0.4566314200000008	0.2742717	next_progenitor	0.0
329393	-0.4566314200000008	0.34245846	first_progenitor	53175.37
401019	-0.4566314200000008	0.34245846	next_progenitor	0.0
211223	-0.4566314200000008	0.2587769	first_progenitor	29970.592
211225	-0.4566314200000008	0.2587769	next_progenitor	0.0
222667	-0.4566314200000008	0.13240795	first_progenitor	0.0
222668	-0.4566314200000008	0.13240795	next_progenitor	381460.62
202331	-0.4566314200000008	0.67380804	first_progenitor	0.0
189391	-0.4566314200000008	0.67380804	next_progenitor	0.0
233234	-0.4566314200000008	0.10363687	first_progenitor	0.0
417308	-0.4566314200000008	0.10363687	next_progenitor	0.0
260130	-0.4566314200000008	0.94692487	first_progenitor	0.0
7733948	-0.4566314200000008	0.94692487	next_progenitor	0.0
273764	-0.4566314200000008	1.5287199	first_progenitor	0.0
299280	-0.4566314200000008	1.5287199	next_progenitor	203091.56
239342	-0.4566314200000008	0.43404514	first_progenitor	47870.016
239343	-0.4566314200000008	0.43404514	next_progenitor	211083.66
240492	-0.4566314200000008	0.15553115	first_progenitor	0.0
240494	-0.4566314200000008	0.15553115	next_progenitor	0.0
241201	-0.4566314200000008	0.122576065	first_progenitor	0.0
241203	-0.4566314200000008	0.122576065	next_progenitor	0.0
231352	-0.4566314200000008	0.15433528	first_progenitor	0.0
231353	-0.4566314200000008	0.15433528	next_progenitor	0.0
292760	-0.4566314200000008	0.5474615	first_progenitor	0.0
292761	-0.4566314200000008	0.5474615	next_progenitor	0.0
228089	-0.4566314200000008	0.11031736	first_progenitor	0.0
254692	-0.4566314200000008	0.11031736	next_progenitor	0.0
249783	-0.4566314200000008	0.51771176	first_progenitor	12704972.0
249785	-0.4566314200000008	0.51771176	next_progenitor	947498.06
208938	-0.4566314200000008	0.13823321	first_progenitor	112496.266
179466	-0.4566314200000008	0.13823321	next_progenitor	18630482.0
249720	-0.4566314200000008	0.13804618	first_progenitor	0.0
232321	-0.4566314200000008	0.13804618	next_progenitor	0.0
282482	-0.4566314200000008	0.33156675	first_progenitor	0.0
282483	-0.4566314200000008	0.33156675	next_progenitor	0.0
225245	-0.4566314200000008	0.22385974	first_progenitor	0.0
207758	-0.4566314200000008	0.22385974	next_progenitor	470447.53
236067	-0.4566314200000008	0.10593862	first_progenitor	462637.16
236069	-0.4566314200000008	0.10593862	next_progenitor	71642.47
274528	-0.4566314200000008	0.41741252	first_progenitor	0.0
274527	-0.4566314200000008	0.41741252	next_progenitor	0.0
237149	-0.4566314200000008	0.27425903	first_progenitor	0.0
332120	-0.4566314200000008	0.27425903	next_progenitor	59121304.0
235654	-0.4566314200000008	0.1217314	first_progenitor	0.0
235657	-0.4566314200000008	0.1217314	next_progenitor	140018.8
395140	-0.4566314200000008	1.3234713	first_progenitor	41995.48
372320	-0.4566314200000008	1.3234713	next_progenitor	0.0
244993	-0.4566314200000008	1.126601	first_progenitor	84777.54
245000	-0.4566314200000008	1.126601	next_progenitor	0.0
261931	-0.4566314200000008	0.1155481	first_progenitor	0.0
261932	-0.4566314200000008	0.1155481	next_progenitor	0.0
250821	-0.4566314200000008	1.2353296	first_progenitor	0.0
250831	-0.4566314200000008	1.2353296	next_progenitor	55590.92
282120	-0.4566314200000008	1.5391768	first_progenitor	0.0
282121	-0.4566314200000008	1.5391768	next_progenitor	0.0
262013	-0.4566314200000008	0.1605601	first_progenitor	110605.766
262014	-0.4566314200000008	0.1605601	next_progenitor	3893891.5
265317	-0.4566314200000008	0.1120719	first_progenitor	0.0
252232	-0.4566314200000008	0.1120719	next_progenitor	0.0
237623	-0.4566314200000008	0.13139728	first_progenitor	259199.7
237624	-0.4566314200000008	0.13139728	next_progenitor	681774.0
220785	-0.4566314200000008	1.4762993	first_progenitor	0.0
220790	-0.4566314200000008	1.4762993	next_progenitor	0.0
267643	-0.4566314200000008	0.2538154	first_progenitor	0.0
267642	-0.4566314200000008	0.2538154	next_progenitor	0.0
309625	-0.4566314200000008	0.7420841	first_progenitor	0.0
309624	-0.4566314200000008	0.7420841	next_progenitor	0.0
233731	-0.4566314200000008	0.18419616	first_progenitor	1839972.1
233733	-0.4566314200000008	0.18419616	next_progenitor	0.0
245709	-0.4566314200000008	2.1773908	first_progenitor	0.0
261791	-0.4566314200000008	2.1773908	next_progenitor	0.0
252570	-0.4566314200000008	0.13085458	first_progenitor	0.0
252572	-0.4566314200000008	0.13085458	next_progenitor	0.0
229448	-0.4566314200000008	0.82574874	first_progenitor	0.0
217919	-0.4566314200000008	0.82574874	next_progenitor	0.0
277280	-0.4566314200000008	0.5250805	first_progenitor	0.0
277297	-0.4566314200000008	0.5250805	next_progenitor	0.0
266916	-0.4566314200000008	0.81740505	first_progenitor	52649456.0
266921	-0.4566314200000008	0.81740505	next_progenitor	0.0
272182	-0.4566314200000008	1.3974615	first_progenitor	0.0
272190	-0.4566314200000008	1.3974615	next_progenitor	2547403.0
256100	-0.4566314200000008	0.14229007	first_progenitor	0.0
276863	-0.4566314200000008	0.14229007	next_progenitor	56154.707
241234	-0.4566314200000008	1.1224169	first_progenitor	0.0
230203	-0.4566314200000008	1.1224169	next_progenitor	0.0
244595	-0.4566314200000008	0.20994073	first_progenitor	0.0
244597	-0.4566314200000008	0.20994073	next_progenitor	44129948.0
213215	-0.4566314200000008	0.20682064	first_progenitor	225886.05
227971	-0.4566314200000008	0.20682064	next_progenitor	0.0
248582	-0.4566314200000008	1.2005204	first_progenitor	0.0
248609	-0.4566314200000008	1.2005204	next_progenitor	0.0
226082	-0.4566314200000008	0.19879156	first_progenitor	0.0
226083	-0.4566314200000008	0.19879156	next_progenitor	0.0
332646	-0.4566314200000008	0.11670196	first_progenitor	0.0
321237	-0.4566314200000008	0.11670196	next_progenitor	0.0
268298	-0.4566314200000008	0.14847723	first_progenitor	0.0
246813	-0.4566314200000008	0.14847723	next_progenitor	0.0
251580	-0.4566314200000008	0.14950709	first_progenitor	0.0
251583	-0.4566314200000008	0.14950709	next_progenitor	0.0
280595	-0.4566314200000008	0.25424397	first_progenitor	42406.58
280598	-0.4566314200000008	0.25424397	next_progenitor	162321.67
283088	-0.4566314200000008	0.538509	first_progenitor	0.0
267815	-0.4566314200000008	0.538509	next_progenitor	474526.47
265289	-0.4566314200000008	1.0560364	first_progenitor	80256.77
246888	-0.4566314200000008	1.0560364	next_progenitor	0.0
276331	-0.4566314200000008	0.54087085	first_progenitor	0.0
276330	-0.4566314200000008	0.54087085	next_progenitor	0.0
309126	-0.4566314200000008	1.2607481	first_progenitor	0.0
285375	-0.4566314200000008	1.2607481	next_progenitor	0.0
294096	-0.4566314200000008	0.15915097	first_progenitor	0.0
294097	-0.4566314200000008	0.15915097	next_progenitor	0.0
268256	-0.4566314200000008	0.40380424	first_progenitor	80107130.0
258241	-0.4566314200000008	0.40380424	next_progenitor	303794.28
291310	-0.4566314200000008	0.2404394	first_progenitor	102617.266
291311	-0.4566314200000008	0.2404394	next_progenitor	0.0
283206	-0.4566314200000008	0.106805354	first_progenitor	0.0
268016	-0.4566314200000008	0.106805354	next_progenitor	0.0
254695	-0.4566314200000008	0.14545748	first_progenitor	0.0
254696	-0.4566314200000008	0.14545748	next_progenitor	0.0
247149	-0.4566314200000008	0.10274777	first_progenitor	0.0
223406	-0.4566314200000008	0.10274777	next_progenitor	293340.94
286740	-0.4566314200000008	0.1483736	first_progenitor	874852.9
286742	-0.4566314200000008	0.1483736	next_progenitor	1189926.5
278816	-0.4566314200000008	0.15124674	first_progenitor	0.0
267001	-0.4566314200000008	0.15124674	next_progenitor	0.0
281261	-0.4566314200000008	0.21492939	first_progenitor	0.0
281262	-0.4566314200000008	0.21492939	next_progenitor	0.0
283385	-0.4566314200000008	0.23685534	first_progenitor	0.0
281991	-0.4566314200000008	0.23685534	next_progenitor	0.0
246345	-0.4566314200000008	0.5802124	first_progenitor	4164191.0
246344	-0.4566314200000008	0.5802124	next_progenitor	424186.0
296909	-0.4566314200000008	0.21712486	first_progenitor	0.0
442079	-0.4566314200000008	0.21712486	next_progenitor	5305697.0
273321	-0.4566314200000008	1.4971352	first_progenitor	59225.273
262297	-0.4566314200000008	1.4971352	next_progenitor	0.0
279772	-0.4566314200000008	0.12855053	first_progenitor	0.0
279773	-0.4566314200000008	0.12855053	next_progenitor	0.0
280069	-0.4566314200000008	0.19097617	first_progenitor	0.0
280070	-0.4566314200000008	0.19097617	next_progenitor	0.0
275345	-0.4566314200000008	0.19105625	first_progenitor	0.0
275346	-0.4566314200000008	0.19105625	next_progenitor	0.0
263866	-0.4566314200000008	0.65713954	first_progenitor	0.0
280266	-0.4566314200000008	0.65713954	next_progenitor	829788.44
296088	-0.4566314200000008	0.13339023	first_progenitor	0.0
277632	-0.4566314200000008	0.13339023	next_progenitor	0.0
319216	-0.4566314200000008	0.15540408	first_progenitor	0.0
319217	-0.4566314200000008	0.15540408	next_progenitor	0.0
272972	-0.4566314200000008	0.12944825	first_progenitor	0.0
272974	-0.4566314200000008	0.12944825	next_progenitor	0.0
269377	-0.4566314200000008	0.80294734	first_progenitor	0.0
249723	-0.4566314200000008	0.80294734	next_progenitor	0.0
296603	-0.4566314200000008	0.20630324	first_progenitor	0.0
296604	-0.4566314200000008	0.20630324	next_progenitor	91208.914
268923	-0.4566314200000008	0.13969454	first_progenitor	0.0
268924	-0.4566314200000008	0.13969454	next_progenitor	0.0
284506	-0.4566314200000008	0.18767819	first_progenitor	0.0
284507	-0.4566314200000008	0.18767819	next_progenitor	0.0
296219	-0.4566314200000008	0.17940658	first_progenitor	0.0
296220	-0.4566314200000008	0.17940658	next_progenitor	0.0
