Subfind_ID	t-t_merg	q	Type	mass
1928	-0.2555247000000005	0.21248615	first_progenitor	0.0
1929	-0.2555247000000005	0.21248615	next_progenitor	49826.47
240024	-0.2555247000000005	0.14119408	first_progenitor	0.0
240026	-0.2555247000000005	0.14119408	next_progenitor	0.0
220164	-0.2555247000000005	0.18745194	first_progenitor	0.0
220165	-0.2555247000000005	0.18745194	next_progenitor	0.0
10602	-0.2555247000000005	0.31431592	first_progenitor	0.0
10604	-0.2555247000000005	0.31431592	next_progenitor	43585.715
16050	-0.2555247000000005	0.105358705	first_progenitor	0.0
16052	-0.2555247000000005	0.105358705	next_progenitor	0.0
12918	-0.2555247000000005	1.3287337	first_progenitor	1063103.9
12922	-0.2555247000000005	1.3287337	next_progenitor	765888.8
270859	-0.2555247000000005	0.15726496	first_progenitor	108129736.0
270861	-0.2555247000000005	0.15726496	next_progenitor	834545.3
126335	-0.2555247000000005	0.5727509	first_progenitor	0.0
126332	-0.2555247000000005	0.5727509	next_progenitor	0.0
51225	-0.2555247000000005	1.3708506	first_progenitor	0.0
51226	-0.2555247000000005	1.3708506	next_progenitor	0.0
25220	-0.2555247000000005	0.13263422	first_progenitor	0.0
25229	-0.2555247000000005	0.13263422	next_progenitor	0.0
27397	-0.2555247000000005	0.14970863	first_progenitor	0.0
27399	-0.2555247000000005	0.14970863	next_progenitor	33658.152
31994	-0.2555247000000005	0.24959524	first_progenitor	0.0
31995	-0.2555247000000005	0.24959524	next_progenitor	0.0
36592	-0.2555247000000005	0.10317533	first_progenitor	0.0
36610	-0.2555247000000005	0.10317533	next_progenitor	0.0
64726	-0.2555247000000005	0.15322454	first_progenitor	0.0
62996	-0.2555247000000005	0.15322454	next_progenitor	0.0
109283	-0.2555247000000005	0.3175748	first_progenitor	0.0
109288	-0.2555247000000005	0.3175748	next_progenitor	124027.73
41020	-0.2555247000000005	0.22448643	first_progenitor	0.0
41022	-0.2555247000000005	0.22448643	next_progenitor	0.0
57851	-0.2555247000000005	0.278769	first_progenitor	0.0
57853	-0.2555247000000005	0.278769	next_progenitor	35816.48
184947	-0.2555247000000005	0.17531168	first_progenitor	0.0
184948	-0.2555247000000005	0.17531168	next_progenitor	0.0
42449	-0.2555247000000005	0.19001858	first_progenitor	0.0
42452	-0.2555247000000005	0.19001858	next_progenitor	0.0
37157	-0.2555247000000005	0.35803443	first_progenitor	0.0
31530	-0.2555247000000005	0.35803443	next_progenitor	0.0
35794	-0.2555247000000005	0.5736361	first_progenitor	66811.2
43192	-0.2555247000000005	0.5736361	next_progenitor	0.0
119808	-0.2555247000000005	0.41182473	first_progenitor	0.0
119809	-0.2555247000000005	0.41182473	next_progenitor	0.0
63147	-0.2555247000000005	0.10436741	first_progenitor	0.0
63086	-0.2555247000000005	0.10436741	next_progenitor	0.0
72809	-0.2555247000000005	0.10519853	first_progenitor	0.0
61907	-0.2555247000000005	0.10519853	next_progenitor	0.0
54357	-0.2555247000000005	0.35823905	first_progenitor	0.0
54358	-0.2555247000000005	0.35823905	next_progenitor	0.0
243616	-0.2555247000000005	0.69491976	first_progenitor	0.0
226688	-0.2555247000000005	0.69491976	next_progenitor	0.0
67194	-0.2555247000000005	0.8348024	first_progenitor	0.0
67253	-0.2555247000000005	0.8348024	next_progenitor	0.0
69978	-0.2555247000000005	0.12218615	first_progenitor	46532.594
69984	-0.2555247000000005	0.12218615	next_progenitor	0.0
182407	-0.2555247000000005	0.33816054	first_progenitor	1177072.2
182408	-0.2555247000000005	0.33816054	next_progenitor	401097.06
38531	-0.2555247000000005	0.32567072	first_progenitor	702107.6
38539	-0.2555247000000005	0.32567072	next_progenitor	662074.6
66023	-0.2555247000000005	0.76337713	first_progenitor	329410.56
66022	-0.2555247000000005	0.76337713	next_progenitor	90298.4
113645	-0.2555247000000005	0.179797	first_progenitor	0.0
113648	-0.2555247000000005	0.179797	next_progenitor	8601307.0
65110	-0.2555247000000005	0.10961039	first_progenitor	0.0
65113	-0.2555247000000005	0.10961039	next_progenitor	0.0
66580	-0.2555247000000005	0.11067369	first_progenitor	0.0
66581	-0.2555247000000005	0.11067369	next_progenitor	0.0
71141	-0.2555247000000005	0.118791424	first_progenitor	58402.03
71144	-0.2555247000000005	0.118791424	next_progenitor	113080.484
89875	-0.2555247000000005	0.14171098	first_progenitor	49093.836
89877	-0.2555247000000005	0.14171098	next_progenitor	0.0
71657	-0.2555247000000005	0.3804166	first_progenitor	0.0
71658	-0.2555247000000005	0.3804166	next_progenitor	0.0
75680	-0.2555247000000005	0.20113999	first_progenitor	0.0
75681	-0.2555247000000005	0.20113999	next_progenitor	0.0
75108	-0.2555247000000005	0.42581415	first_progenitor	0.0
87513	-0.2555247000000005	0.42581415	next_progenitor	0.0
129787	-0.2555247000000005	0.11728892	first_progenitor	0.0
129789	-0.2555247000000005	0.11728892	next_progenitor	0.0
172362	-0.2555247000000005	0.37887096	first_progenitor	46730.22
160142	-0.2555247000000005	0.37887096	next_progenitor	38079.64
156108	-0.2555247000000005	1.1213701	first_progenitor	0.0
156137	-0.2555247000000005	1.1213701	next_progenitor	0.0
150046	-0.2555247000000005	0.19381046	first_progenitor	0.0
150050	-0.2555247000000005	0.19381046	next_progenitor	0.0
92756	-0.2555247000000005	0.24485005	first_progenitor	0.0
92761	-0.2555247000000005	0.24485005	next_progenitor	0.0
109556	-0.2555247000000005	0.11175959	first_progenitor	59768.58
109557	-0.2555247000000005	0.11175959	next_progenitor	95914.63
86476	-0.2555247000000005	0.3166731	first_progenitor	0.0
75332	-0.2555247000000005	0.3166731	next_progenitor	0.0
87064	-0.2555247000000005	2.4969018	first_progenitor	0.0
87065	-0.2555247000000005	2.4969018	next_progenitor	0.0
178651	-0.2555247000000005	0.3686124	first_progenitor	0.0
178652	-0.2555247000000005	0.3686124	next_progenitor	268200.38
213533	-0.2555247000000005	0.28498814	first_progenitor	0.0
213535	-0.2555247000000005	0.28498814	next_progenitor	0.0
198339	-0.2555247000000005	0.10615832	first_progenitor	0.0
198340	-0.2555247000000005	0.10615832	next_progenitor	0.0
112166	-0.2555247000000005	0.36424378	first_progenitor	59090376.0
112168	-0.2555247000000005	0.36424378	next_progenitor	23605602.0
112924	-0.2555247000000005	0.22912662	first_progenitor	0.0
123885	-0.2555247000000005	0.22912662	next_progenitor	0.0
81612	-0.2555247000000005	0.11546371	first_progenitor	0.0
81616	-0.2555247000000005	0.11546371	next_progenitor	37280.062
107357	-0.2555247000000005	0.12626468	first_progenitor	201964.95
107358	-0.2555247000000005	0.12626468	next_progenitor	479632.5
241509	-0.2555247000000005	1.2788886	first_progenitor	0.0
244962	-0.2555247000000005	1.2788886	next_progenitor	0.0
108652	-0.2555247000000005	1.1465648	first_progenitor	0.0
93296	-0.2555247000000005	1.1465648	next_progenitor	152833.36
103869	-0.2555247000000005	0.11980055	first_progenitor	226027.86
103871	-0.2555247000000005	0.11980055	next_progenitor	35500.344
101458	-0.2555247000000005	0.18219616	first_progenitor	50630.22
101459	-0.2555247000000005	0.18219616	next_progenitor	0.0
225264	-0.2555247000000005	1.4094759	first_progenitor	0.0
225265	-0.2555247000000005	1.4094759	next_progenitor	194401.44
188100	-0.2555247000000005	0.14834443	first_progenitor	0.0
188102	-0.2555247000000005	0.14834443	next_progenitor	0.0
193077	-0.2555247000000005	0.2219356	first_progenitor	0.0
193078	-0.2555247000000005	0.2219356	next_progenitor	0.0
140852	-0.2555247000000005	0.33041683	first_progenitor	0.0
140853	-0.2555247000000005	0.33041683	next_progenitor	0.0
192067	-0.2555247000000005	0.20474932	first_progenitor	0.0
192062	-0.2555247000000005	0.20474932	next_progenitor	450501760.0
170936	-0.2555247000000005	0.10653295	first_progenitor	0.0
170937	-0.2555247000000005	0.10653295	next_progenitor	0.0
105994	-0.2555247000000005	0.1269589	first_progenitor	0.0
105995	-0.2555247000000005	0.1269589	next_progenitor	35881.85
130951	-0.2555247000000005	0.18369588	first_progenitor	0.0
130953	-0.2555247000000005	0.18369588	next_progenitor	0.0
172551	-0.2555247000000005	1.3614689	first_progenitor	0.0
178747	-0.2555247000000005	1.3614689	next_progenitor	0.0
193640	-0.2555247000000005	0.13854776	first_progenitor	0.0
180669	-0.2555247000000005	0.13854776	next_progenitor	0.0
99758	-0.2555247000000005	1.65292	first_progenitor	0.0
113772	-0.2555247000000005	1.65292	next_progenitor	233930100.0
102428	-0.2555247000000005	0.20794277	first_progenitor	239911.38
102462	-0.2555247000000005	0.20794277	next_progenitor	0.0
181238	-0.2555247000000005	0.16425946	first_progenitor	0.0
181239	-0.2555247000000005	0.16425946	next_progenitor	0.0
116788	-0.2555247000000005	0.15720586	first_progenitor	0.0
116789	-0.2555247000000005	0.15720586	next_progenitor	0.0
66737	-0.2555247000000005	0.12026747	first_progenitor	0.0
66743	-0.2555247000000005	0.12026747	next_progenitor	0.0
133760	-0.2555247000000005	0.18155356	first_progenitor	48675.88
133763	-0.2555247000000005	0.18155356	next_progenitor	3512408.2
117891	-0.2555247000000005	0.11288009	first_progenitor	231193.58
106133	-0.2555247000000005	0.11288009	next_progenitor	0.0
120631	-0.2555247000000005	0.2873584	first_progenitor	0.0
127567	-0.2555247000000005	0.2873584	next_progenitor	4199346.0
185586	-0.2555247000000005	1.006704	first_progenitor	855885.75
297257	-0.2555247000000005	1.006704	next_progenitor	0.0
206070	-0.2555247000000005	0.11055424	first_progenitor	0.0
206073	-0.2555247000000005	0.11055424	next_progenitor	81749.13
127665	-0.2555247000000005	0.12516485	first_progenitor	721124.6
127669	-0.2555247000000005	0.12516485	next_progenitor	141373.28
147275	-0.2555247000000005	0.28690693	first_progenitor	71701.71
147277	-0.2555247000000005	0.28690693	next_progenitor	0.0
216597	-0.2555247000000005	0.24920273	first_progenitor	203109.6
216598	-0.2555247000000005	0.24920273	next_progenitor	0.0
230691	-0.2555247000000005	0.117814854	first_progenitor	930403.75
230694	-0.2555247000000005	0.117814854	next_progenitor	0.0
120879	-0.2555247000000005	0.2916244	first_progenitor	0.0
120880	-0.2555247000000005	0.2916244	next_progenitor	0.0
126017	-0.2555247000000005	1.0791775	first_progenitor	0.0
130252	-0.2555247000000005	1.0791775	next_progenitor	0.0
161232	-0.2555247000000005	0.21974373	first_progenitor	0.0
161233	-0.2555247000000005	0.21974373	next_progenitor	0.0
130482	-0.2555247000000005	0.10074711	first_progenitor	0.0
151258	-0.2555247000000005	0.10074711	next_progenitor	53880.035
141206	-0.2555247000000005	0.2329604	first_progenitor	0.0
141207	-0.2555247000000005	0.2329604	next_progenitor	0.0
171661	-0.2555247000000005	0.1387892	first_progenitor	37028.246
157684	-0.2555247000000005	0.1387892	next_progenitor	0.0
134935	-0.2555247000000005	0.16139165	first_progenitor	0.0
134937	-0.2555247000000005	0.16139165	next_progenitor	0.0
223227	-0.2555247000000005	0.1762766	first_progenitor	39933.496
223228	-0.2555247000000005	0.1762766	next_progenitor	123067.39
139282	-0.2555247000000005	0.25804073	first_progenitor	228940.58
139283	-0.2555247000000005	0.25804073	next_progenitor	140620.62
139457	-0.2555247000000005	0.11134985	first_progenitor	0.0
139460	-0.2555247000000005	0.11134985	next_progenitor	0.0
148220	-0.2555247000000005	0.4846077	first_progenitor	0.0
148218	-0.2555247000000005	0.4846077	next_progenitor	336424.1
180241	-0.2555247000000005	0.16812284	first_progenitor	0.0
180250	-0.2555247000000005	0.16812284	next_progenitor	0.0
150858	-0.2555247000000005	1.4719995	first_progenitor	0.0
150859	-0.2555247000000005	1.4719995	next_progenitor	0.0
140551	-0.2555247000000005	0.30571476	first_progenitor	559174.5
128340	-0.2555247000000005	0.30571476	next_progenitor	0.0
163535	-0.2555247000000005	0.12806094	first_progenitor	0.0
163536	-0.2555247000000005	0.12806094	next_progenitor	0.0
160382	-0.2555247000000005	0.21668805	first_progenitor	0.0
160391	-0.2555247000000005	0.21668805	next_progenitor	146330.8
134390	-0.2555247000000005	0.15048908	first_progenitor	0.0
118990	-0.2555247000000005	0.15048908	next_progenitor	4965118.0
154339	-0.2555247000000005	2.5306406	first_progenitor	0.0
164505	-0.2555247000000005	2.5306406	next_progenitor	0.0
201978	-0.2555247000000005	0.15186827	first_progenitor	41661.08
213397	-0.2555247000000005	0.15186827	next_progenitor	0.0
135016	-0.2555247000000005	0.32424048	first_progenitor	0.0
135015	-0.2555247000000005	0.32424048	next_progenitor	0.0
94524	-0.2555247000000005	0.1376549	first_progenitor	0.0
94538	-0.2555247000000005	0.1376549	next_progenitor	0.0
140383	-0.2555247000000005	0.6051047	first_progenitor	3737194.0
127353	-0.2555247000000005	0.6051047	next_progenitor	0.0
170469	-0.2555247000000005	0.19653256	first_progenitor	206115.02
170470	-0.2555247000000005	0.19653256	next_progenitor	0.0
170292	-0.2555247000000005	0.2588372	first_progenitor	0.0
170293	-0.2555247000000005	0.2588372	next_progenitor	0.0
137564	-0.2555247000000005	0.36288884	first_progenitor	0.0
132654	-0.2555247000000005	0.36288884	next_progenitor	530690.6
191156	-0.2555247000000005	0.14270788	first_progenitor	0.0
191157	-0.2555247000000005	0.14270788	next_progenitor	0.0
229118	-0.2555247000000005	0.20768401	first_progenitor	35455.06
229119	-0.2555247000000005	0.20768401	next_progenitor	0.0
200861	-0.2555247000000005	3.6280982	first_progenitor	0.0
217701	-0.2555247000000005	3.6280982	next_progenitor	0.0
162480	-0.2555247000000005	0.1774995	first_progenitor	0.0
162481	-0.2555247000000005	0.1774995	next_progenitor	96914.65
147510	-0.2555247000000005	0.24449882	first_progenitor	0.0
129902	-0.2555247000000005	0.24449882	next_progenitor	65167.773
144512	-0.2555247000000005	0.5005088	first_progenitor	0.0
131359	-0.2555247000000005	0.5005088	next_progenitor	0.0
153233	-0.2555247000000005	1.1868209	first_progenitor	0.0
151664	-0.2555247000000005	1.1868209	next_progenitor	74640.55
236292	-0.2555247000000005	1.004115	first_progenitor	0.0
236295	-0.2555247000000005	1.004115	next_progenitor	0.0
198480	-0.2555247000000005	1.5635642	first_progenitor	0.0
198498	-0.2555247000000005	1.5635642	next_progenitor	57574.1
164977	-0.2555247000000005	0.27398038	first_progenitor	0.0
164989	-0.2555247000000005	0.27398038	next_progenitor	0.0
189358	-0.2555247000000005	0.55696136	first_progenitor	0.0
189403	-0.2555247000000005	0.55696136	next_progenitor	3926356.8
143186	-0.2555247000000005	0.31025052	first_progenitor	0.0
143187	-0.2555247000000005	0.31025052	next_progenitor	0.0
162578	-0.2555247000000005	0.36613962	first_progenitor	0.0
162590	-0.2555247000000005	0.36613962	next_progenitor	0.0
185905	-0.2555247000000005	0.32503968	first_progenitor	0.0
247693	-0.2555247000000005	0.32503968	next_progenitor	0.0
184380	-0.2555247000000005	0.16220959	first_progenitor	35113620.0
184381	-0.2555247000000005	0.16220959	next_progenitor	16413329.0
215875	-0.2555247000000005	0.14324684	first_progenitor	0.0
215879	-0.2555247000000005	0.14324684	next_progenitor	0.0
227786	-0.2555247000000005	0.18615825	first_progenitor	0.0
227788	-0.2555247000000005	0.18615825	next_progenitor	0.0
161818	-0.2555247000000005	0.49305594	first_progenitor	0.0
161819	-0.2555247000000005	0.49305594	next_progenitor	184974.95
171761	-0.2555247000000005	0.544521	first_progenitor	96422.11
171760	-0.2555247000000005	0.544521	next_progenitor	597089.7
212495	-0.2555247000000005	0.43804353	first_progenitor	0.0
212533	-0.2555247000000005	0.43804353	next_progenitor	0.0
284201	-0.2555247000000005	2.3869677	first_progenitor	0.0
284552	-0.2555247000000005	2.3869677	next_progenitor	0.0
160961	-0.2555247000000005	0.100916885	first_progenitor	394442.25
160964	-0.2555247000000005	0.100916885	next_progenitor	0.0
202224	-0.2555247000000005	0.19114275	first_progenitor	0.0
186920	-0.2555247000000005	0.19114275	next_progenitor	0.0
158347	-0.2555247000000005	0.15069754	first_progenitor	0.0
146056	-0.2555247000000005	0.15069754	next_progenitor	0.0
165176	-0.2555247000000005	0.11889118	first_progenitor	93257.34
165178	-0.2555247000000005	0.11889118	next_progenitor	0.0
172110	-0.2555247000000005	0.25863802	first_progenitor	0.0
172114	-0.2555247000000005	0.25863802	next_progenitor	2936829.0
167364	-0.2555247000000005	1.5468928	first_progenitor	0.0
167392	-0.2555247000000005	1.5468928	next_progenitor	0.0
147778	-0.2555247000000005	1.6362139	first_progenitor	2644705.0
162278	-0.2555247000000005	1.6362139	next_progenitor	185532.86
254265	-0.2555247000000005	1.1211469	first_progenitor	41303.152
268583	-0.2555247000000005	1.1211469	next_progenitor	0.0
168169	-0.2555247000000005	0.11839551	first_progenitor	154226.66
154639	-0.2555247000000005	0.11839551	next_progenitor	0.0
182264	-0.2555247000000005	0.39556012	first_progenitor	0.0
182265	-0.2555247000000005	0.39556012	next_progenitor	0.0
146939	-0.2555247000000005	0.1537099	first_progenitor	2013662.4
197440	-0.2555247000000005	0.1537099	next_progenitor	0.0
234599	-0.2555247000000005	0.1590942	first_progenitor	117042.414
234604	-0.2555247000000005	0.1590942	next_progenitor	0.0
166682	-0.2555247000000005	0.34837863	first_progenitor	0.0
166683	-0.2555247000000005	0.34837863	next_progenitor	0.0
159772	-0.2555247000000005	0.11904107	first_progenitor	0.0
159773	-0.2555247000000005	0.11904107	next_progenitor	0.0
158939	-0.2555247000000005	0.67095196	first_progenitor	0.0
175501	-0.2555247000000005	0.67095196	next_progenitor	119166.29
185474	-0.2555247000000005	0.12413748	first_progenitor	0.0
172634	-0.2555247000000005	0.12413748	next_progenitor	540099.44
234574	-0.2555247000000005	0.12721813	first_progenitor	0.0
224297	-0.2555247000000005	0.12721813	next_progenitor	0.0
228025	-0.2555247000000005	0.16425289	first_progenitor	0.0
228028	-0.2555247000000005	0.16425289	next_progenitor	56896.93
188658	-0.2555247000000005	0.14285687	first_progenitor	0.0
188663	-0.2555247000000005	0.14285687	next_progenitor	0.0
167303	-0.2555247000000005	0.1681689	first_progenitor	0.0
167317	-0.2555247000000005	0.1681689	next_progenitor	0.0
198086	-0.2555247000000005	0.1024451	first_progenitor	0.0
183617	-0.2555247000000005	0.1024451	next_progenitor	163949.45
165317	-0.2555247000000005	0.19030821	first_progenitor	106976.18
161198	-0.2555247000000005	0.19030821	next_progenitor	0.0
183476	-0.2555247000000005	0.1931761	first_progenitor	45187.69
167863	-0.2555247000000005	0.1931761	next_progenitor	0.0
193923	-0.2555247000000005	0.11913437	first_progenitor	0.0
193927	-0.2555247000000005	0.11913437	next_progenitor	0.0
190098	-0.2555247000000005	1.9555355	first_progenitor	0.0
190114	-0.2555247000000005	1.9555355	next_progenitor	0.0
197883	-0.2555247000000005	0.22426249	first_progenitor	0.0
197884	-0.2555247000000005	0.22426249	next_progenitor	212663.23
185772	-0.2555247000000005	0.10553954	first_progenitor	0.0
185773	-0.2555247000000005	0.10553954	next_progenitor	0.0
191805	-0.2555247000000005	1.3201656	first_progenitor	0.0
191835	-0.2555247000000005	1.3201656	next_progenitor	0.0
194386	-0.2555247000000005	0.13436928	first_progenitor	0.0
192818	-0.2555247000000005	0.13436928	next_progenitor	242605180.0
194070	-0.2555247000000005	0.22772926	first_progenitor	645814.8
194071	-0.2555247000000005	0.22772926	next_progenitor	124353.664
210416	-0.2555247000000005	0.21358703	first_progenitor	0.0
210423	-0.2555247000000005	0.21358703	next_progenitor	0.0
188990	-0.2555247000000005	0.4705827	first_progenitor	0.0
176370	-0.2555247000000005	0.4705827	next_progenitor	0.0
176629	-0.2555247000000005	0.1998569	first_progenitor	583318.4
176630	-0.2555247000000005	0.1998569	next_progenitor	0.0
181695	-0.2555247000000005	0.14216982	first_progenitor	381016.7
181697	-0.2555247000000005	0.14216982	next_progenitor	0.0
185112	-0.2555247000000005	0.6477513	first_progenitor	646419.6
218136	-0.2555247000000005	0.6477513	next_progenitor	0.0
213778	-0.2555247000000005	0.11691135	first_progenitor	0.0
213780	-0.2555247000000005	0.11691135	next_progenitor	0.0
229895	-0.2555247000000005	0.104778364	first_progenitor	0.0
229897	-0.2555247000000005	0.104778364	next_progenitor	0.0
261654	-0.2555247000000005	0.13353905	first_progenitor	0.0
261655	-0.2555247000000005	0.13353905	next_progenitor	0.0
207448	-0.2555247000000005	0.3280813	first_progenitor	0.0
207447	-0.2555247000000005	0.3280813	next_progenitor	233998.84
197909	-0.2555247000000005	0.22530591	first_progenitor	40439424.0
179544	-0.2555247000000005	0.22530591	next_progenitor	0.0
211972	-0.2555247000000005	0.27211538	first_progenitor	0.0
211974	-0.2555247000000005	0.27211538	next_progenitor	55079.2
221626	-0.2555247000000005	0.27295473	first_progenitor	0.0
293547	-0.2555247000000005	0.27295473	next_progenitor	146526.86
219283	-0.2555247000000005	0.14535387	first_progenitor	0.0
219284	-0.2555247000000005	0.14535387	next_progenitor	63413.31
212760	-0.2555247000000005	0.13684964	first_progenitor	0.0
217613	-0.2555247000000005	0.13684964	next_progenitor	2615277.5
173131	-0.2555247000000005	0.27185795	first_progenitor	0.0
173134	-0.2555247000000005	0.27185795	next_progenitor	199660.14
243258	-0.2555247000000005	0.11188554	first_progenitor	0.0
243264	-0.2555247000000005	0.11188554	next_progenitor	0.0
189922	-0.2555247000000005	0.11099209	first_progenitor	0.0
184824	-0.2555247000000005	0.11099209	next_progenitor	358384060.0
203888	-0.2555247000000005	1.1061709	first_progenitor	0.0
203898	-0.2555247000000005	1.1061709	next_progenitor	0.0
194121	-0.2555247000000005	0.21010168	first_progenitor	0.0
194122	-0.2555247000000005	0.21010168	next_progenitor	0.0
254539	-0.2555247000000005	0.12183635	first_progenitor	202870.05
232241	-0.2555247000000005	0.12183635	next_progenitor	0.0
218745	-0.2555247000000005	0.112407714	first_progenitor	0.0
218762	-0.2555247000000005	0.112407714	next_progenitor	38762.434
205135	-0.2555247000000005	0.1344395	first_progenitor	449187330.0
196674	-0.2555247000000005	0.1344395	next_progenitor	0.0
218879	-0.2555247000000005	0.10316798	first_progenitor	0.0
218881	-0.2555247000000005	0.10316798	next_progenitor	0.0
237810	-0.2555247000000005	0.45993978	first_progenitor	0.0
237812	-0.2555247000000005	0.45993978	next_progenitor	0.0
266627	-0.2555247000000005	0.34437805	first_progenitor	0.0
266628	-0.2555247000000005	0.34437805	next_progenitor	0.0
199007	-0.2555247000000005	0.6202218	first_progenitor	0.0
199004	-0.2555247000000005	0.6202218	next_progenitor	0.0
204143	-0.2555247000000005	0.1560931	first_progenitor	0.0
204150	-0.2555247000000005	0.1560931	next_progenitor	0.0
225879	-0.2555247000000005	0.69450366	first_progenitor	0.0
228955	-0.2555247000000005	0.69450366	next_progenitor	0.0
201194	-0.2555247000000005	1.4619049	first_progenitor	0.0
186161	-0.2555247000000005	1.4619049	next_progenitor	0.0
201500	-0.2555247000000005	0.3295447	first_progenitor	110840.43
186747	-0.2555247000000005	0.3295447	next_progenitor	0.0
205079	-0.2555247000000005	1.3794084	first_progenitor	0.0
205127	-0.2555247000000005	1.3794084	next_progenitor	0.0
201770	-0.2555247000000005	0.20321263	first_progenitor	55599.453
201772	-0.2555247000000005	0.20321263	next_progenitor	68182.984
260130	-0.2555247000000005	0.2016056	first_progenitor	0.0
260131	-0.2555247000000005	0.2016056	next_progenitor	0.0
245209	-0.2555247000000005	0.13215986	first_progenitor	44324.54
245210	-0.2555247000000005	0.13215986	next_progenitor	0.0
205481	-0.2555247000000005	0.1424685	first_progenitor	0.0
205484	-0.2555247000000005	0.1424685	next_progenitor	0.0
208897	-0.2555247000000005	0.105202734	first_progenitor	1232017.2
208906	-0.2555247000000005	0.105202734	next_progenitor	65110.85
208938	-0.2555247000000005	1.4646398	first_progenitor	112496.266
197815	-0.2555247000000005	1.4646398	next_progenitor	4793069.5
231774	-0.2555247000000005	0.49761242	first_progenitor	0.0
231776	-0.2555247000000005	0.49761242	next_progenitor	0.0
206550	-0.2555247000000005	0.36467373	first_progenitor	0.0
206555	-0.2555247000000005	0.36467373	next_progenitor	2551450.8
214485	-0.2555247000000005	0.64660484	first_progenitor	76094.74
203548	-0.2555247000000005	0.64660484	next_progenitor	0.0
264829	-0.2555247000000005	0.102041654	first_progenitor	0.0
264831	-0.2555247000000005	0.102041654	next_progenitor	0.0
220751	-0.2555247000000005	0.13376115	first_progenitor	0.0
220752	-0.2555247000000005	0.13376115	next_progenitor	0.0
248643	-0.2555247000000005	0.50368744	first_progenitor	317881.4
248644	-0.2555247000000005	0.50368744	next_progenitor	252792.94
295224	-0.2555247000000005	0.32046458	first_progenitor	0.0
295225	-0.2555247000000005	0.32046458	next_progenitor	0.0
215495	-0.2555247000000005	0.18758197	first_progenitor	0.0
215497	-0.2555247000000005	0.18758197	next_progenitor	0.0
233928	-0.2555247000000005	0.19788465	first_progenitor	0.0
233933	-0.2555247000000005	0.19788465	next_progenitor	0.0
253648	-0.2555247000000005	0.18882142	first_progenitor	4652953.5
253649	-0.2555247000000005	0.18882142	next_progenitor	49803.926
226138	-0.2555247000000005	1.8930615	first_progenitor	110764.1
240816	-0.2555247000000005	1.8930615	next_progenitor	0.0
217521	-0.2555247000000005	1.318543	first_progenitor	0.0
217522	-0.2555247000000005	1.318543	next_progenitor	0.0
272735	-0.2555247000000005	0.23413347	first_progenitor	0.0
256187	-0.2555247000000005	0.23413347	next_progenitor	53380492.0
231183	-0.2555247000000005	0.61244726	first_progenitor	0.0
231182	-0.2555247000000005	0.61244726	next_progenitor	0.0
235027	-0.2555247000000005	0.3687217	first_progenitor	0.0
235031	-0.2555247000000005	0.3687217	next_progenitor	116699.125
225103	-0.2555247000000005	0.5880145	first_progenitor	0.0
215169	-0.2555247000000005	0.5880145	next_progenitor	270562.72
247930	-0.2555247000000005	0.18785794	first_progenitor	0.0
235275	-0.2555247000000005	0.18785794	next_progenitor	37293784.0
227606	-0.2555247000000005	3.4499156	first_progenitor	0.0
250955	-0.2555247000000005	3.4499156	next_progenitor	0.0
243516	-0.2555247000000005	0.5622715	first_progenitor	61789.848
255519	-0.2555247000000005	0.5622715	next_progenitor	2834115.8
235167	-0.2555247000000005	0.24792074	first_progenitor	0.0
235168	-0.2555247000000005	0.24792074	next_progenitor	177283920.0
268859	-0.2555247000000005	0.1012793	first_progenitor	0.0
268860	-0.2555247000000005	0.1012793	next_progenitor	0.0
232100	-0.2555247000000005	0.7757846	first_progenitor	118728.83
232442	-0.2555247000000005	0.7757846	next_progenitor	45680.99
230242	-0.2555247000000005	0.11632871	first_progenitor	998903.94
230243	-0.2555247000000005	0.11632871	next_progenitor	120994.016
269228	-0.2555247000000005	0.17529927	first_progenitor	0.0
247668	-0.2555247000000005	0.17529927	next_progenitor	79834.03
246135	-0.2555247000000005	0.13578877	first_progenitor	0.0
246138	-0.2555247000000005	0.13578877	next_progenitor	0.0
248913	-0.2555247000000005	0.28727657	first_progenitor	0.0
248914	-0.2555247000000005	0.28727657	next_progenitor	0.0
224392	-0.2555247000000005	0.97253215	first_progenitor	74325.0
224414	-0.2555247000000005	0.97253215	next_progenitor	233844180.0
234323	-0.2555247000000005	0.12545592	first_progenitor	0.0
234325	-0.2555247000000005	0.12545592	next_progenitor	0.0
235654	-0.2555247000000005	0.4799046	first_progenitor	0.0
214776	-0.2555247000000005	0.4799046	next_progenitor	0.0
253670	-0.2555247000000005	0.11851645	first_progenitor	0.0
263072	-0.2555247000000005	0.11851645	next_progenitor	0.0
250714	-0.2555247000000005	0.41740665	first_progenitor	6718138.5
250716	-0.2555247000000005	0.41740665	next_progenitor	366350.1
317161	-0.2555247000000005	0.16070479	first_progenitor	0.0
317162	-0.2555247000000005	0.16070479	next_progenitor	0.0
275973	-0.2555247000000005	0.38477364	first_progenitor	0.0
275974	-0.2555247000000005	0.38477364	next_progenitor	0.0
249555	-0.2555247000000005	0.7529565	first_progenitor	0.0
228961	-0.2555247000000005	0.7529565	next_progenitor	0.0
238568	-0.2555247000000005	0.17264181	first_progenitor	0.0
238571	-0.2555247000000005	0.17264181	next_progenitor	0.0
251885	-0.2555247000000005	0.9417482	first_progenitor	0.0
251887	-0.2555247000000005	0.9417482	next_progenitor	0.0
253580	-0.2555247000000005	0.11808598	first_progenitor	0.0
253592	-0.2555247000000005	0.11808598	next_progenitor	0.0
292415	-0.2555247000000005	0.21153282	first_progenitor	339689.5
292416	-0.2555247000000005	0.21153282	next_progenitor	0.0
259725	-0.2555247000000005	0.10845486	first_progenitor	0.0
259728	-0.2555247000000005	0.10845486	next_progenitor	0.0
255230	-0.2555247000000005	0.14237691	first_progenitor	0.0
244275	-0.2555247000000005	0.14237691	next_progenitor	0.0
263592	-0.2555247000000005	0.1640671	first_progenitor	208985.3
263596	-0.2555247000000005	0.1640671	next_progenitor	0.0
258224	-0.2555247000000005	0.14843482	first_progenitor	0.0
240944	-0.2555247000000005	0.14843482	next_progenitor	0.0
293288	-0.2555247000000005	0.107820675	first_progenitor	0.0
270297	-0.2555247000000005	0.107820675	next_progenitor	0.0
241234	-0.2555247000000005	0.29668367	first_progenitor	0.0
241237	-0.2555247000000005	0.29668367	next_progenitor	0.0
245460	-0.2555247000000005	0.45948943	first_progenitor	0.0
245462	-0.2555247000000005	0.45948943	next_progenitor	411014.28
265044	-0.2555247000000005	0.9990236	first_progenitor	105873.57
265046	-0.2555247000000005	0.9990236	next_progenitor	0.0
250499	-0.2555247000000005	0.2009352	first_progenitor	111668.36
250500	-0.2555247000000005	0.2009352	next_progenitor	0.0
254913	-0.2555247000000005	0.3803541	first_progenitor	0.0
254915	-0.2555247000000005	0.3803541	next_progenitor	0.0
253397	-0.2555247000000005	0.29128766	first_progenitor	0.0
246064	-0.2555247000000005	0.29128766	next_progenitor	0.0
272719	-0.2555247000000005	0.8958044	first_progenitor	0.0
272718	-0.2555247000000005	0.8958044	next_progenitor	0.0
247171	-0.2555247000000005	0.12766607	first_progenitor	0.0
247172	-0.2555247000000005	0.12766607	next_progenitor	0.0
266165	-0.2555247000000005	0.31510895	first_progenitor	0.0
266166	-0.2555247000000005	0.31510895	next_progenitor	0.0
274826	-0.2555247000000005	0.10538398	first_progenitor	0.0
274827	-0.2555247000000005	0.10538398	next_progenitor	0.0
250807	-0.2555247000000005	0.12935376	first_progenitor	0.0
250808	-0.2555247000000005	0.12935376	next_progenitor	0.0
261371	-0.2555247000000005	0.23878774	first_progenitor	0.0
261375	-0.2555247000000005	0.23878774	next_progenitor	0.0
256645	-0.2555247000000005	0.37880805	first_progenitor	0.0
256646	-0.2555247000000005	0.37880805	next_progenitor	0.0
280727	-0.2555247000000005	0.11567565	first_progenitor	244371.16
280728	-0.2555247000000005	0.11567565	next_progenitor	0.0
258131	-0.2555247000000005	0.5211468	first_progenitor	0.0
258130	-0.2555247000000005	0.5211468	next_progenitor	0.0
276359	-0.2555247000000005	0.21755962	first_progenitor	0.0
259291	-0.2555247000000005	0.21755962	next_progenitor	61422.57
275361	-0.2555247000000005	0.13477005	first_progenitor	0.0
275368	-0.2555247000000005	0.13477005	next_progenitor	0.0
230406	-0.2555247000000005	0.42432085	first_progenitor	3454594.0
230407	-0.2555247000000005	0.42432085	next_progenitor	314414.25
268345	-0.2555247000000005	0.2463722	first_progenitor	0.0
268346	-0.2555247000000005	0.2463722	next_progenitor	0.0
281298	-0.2555247000000005	0.3055075	first_progenitor	0.0
267183	-0.2555247000000005	0.3055075	next_progenitor	882844.9
256436	-0.2555247000000005	0.12834196	first_progenitor	0.0
256438	-0.2555247000000005	0.12834196	next_progenitor	87640.63
268674	-0.2555247000000005	0.16418788	first_progenitor	1773634.1
247520	-0.2555247000000005	0.16418788	next_progenitor	0.0
271807	-0.2555247000000005	0.1139792	first_progenitor	0.0
256035	-0.2555247000000005	0.1139792	next_progenitor	0.0
220331	-0.2555247000000005	0.5580226	first_progenitor	323667.28
194504	-0.2555247000000005	0.5580226	next_progenitor	55197.83
288752	-0.2555247000000005	0.13064781	first_progenitor	0.0
288753	-0.2555247000000005	0.13064781	next_progenitor	413608.28
284178	-0.2555247000000005	0.19953075	first_progenitor	935211.94
258720	-0.2555247000000005	0.19953075	next_progenitor	0.0
327485	-0.2555247000000005	1.0897502	first_progenitor	0.0
327484	-0.2555247000000005	1.0897502	next_progenitor	0.0
