	SubhaloID	Mass	SFR	num_mergers_in_last_2Gyr	N	r_1	r_2	matched_to_merger_subid	ngrows
2804	251451	361045570.0	0.30976704	0.0	0	20889.71329670273	20901.991519281775	83411	0
637	78992	2455808300.0	4.1850867	0.0	0	8467.029628230282	8503.314926497877	151054	0
2159	208843	947428350.0	1.1497622	0.0	0	7863.46463446685	7916.168756467459	162250	0
1562	164739	1861561100.0	2.7216063	0.0	0	17517.47246595755	17519.013166207507	183287	0
4066	322136	138690690.0	0.050123446	0.0	0	15696.21395349376	15721.943470560916	247647	0
3528	293664	196223400.0	0.17668094	0.0	0	16846.10270774715	16853.75046648955	252343	0
3981	317331	412773120.0	0.19947402	0.0	0	11011.666728778944	11154.791468899806	298186	0
212	28913	1316460200.0	1.6228896	0.0	0	6478.716195316866	6575.907289538561	12	0
614	76375	927335600.0	1.0992755	0.0	0	16343.448189871477	16393.48154574877	157670	0
5468	427192	100511224.0	0.07363142	0.0	0	8409.696833975584	8416.788251449294	184864	0
1022	118834	719086100.0	2.5077882	0.0	0	6536.310079468295	6624.864950633085	200115	0
3969	316630	182821230.0	0.28281277	0.0	0	25482.8758929717	25533.045067561212	301950	0
74	10843	216692200000.0	43.017365	0.0	0	7944.011933544211	7954.117709657476	0	1
2282	216842	819555460.0	0.7672116	0.0	0	5343.618936992833	5441.685595726902	223778	0
4953	375486	89037280.0	0.1549504	0.0	0	10079.585407039578	10175.673567370999	244827	0
1525	161743	2993770200.0	8.026425	0.0	0	22474.3620237132	22483.98756854275	6	0
526	67493	611589570.0	0.93573016	0.0	0	18434.405838178063	18473.745370205037	3775	0
252	34090	1760884500.0	11.162932	0.0	0	9676.087665386469	9811.550880694569	14289	0
560	70439	6293856000.0	21.408201	0.0	0	12575.063871861506	12644.611971434735	16025	0
2169	209372	1344147800.0	1.7287621	0.0	0	15717.291853250472	15790.9430404757	23051	0
538	68204	13851634000.0	16.671392	0.0	0	6472.269526991274	6477.139614335913	43126	0
1477	157935	115852440.0	0.071371146	0.0	0	7939.108638179656	7948.912703274472	46841	0
424	55210	43684180000.0	50.303467	0.0	0	18949.337196252618	19037.63831627094	48060	0
4537	348786	149234260.0	0.1748002	0.0	0	17339.745119784395	17351.357630981893	50816	0
2919	258252	277546270.0	0.24322392	0.0	0	11406.900019205563	11459.761874110112	53451	0
572	71224	7416704000.0	8.676061	0.0	0	8582.186320556904	8763.86327593137	63778	0
1869	187705	850980900.0	0.45090124	0.0	0	7828.819907987733	7855.3624076034275	66259	0
4076	322564	236378700.0	0.4427082	0.0	0	6323.5914047927035	6473.937848070724	67900	0
491	62723	114423690.0	0.29606053	0.0	0	19235.59750608798	19235.70732730993	68207	0
4575	351578	135222670.0	0.06582938	0.0	0	6493.622464620281	6581.939330885407	69879	0
3482	290932	448306200.0	0.32823002	0.0	0	3669.3169353549783	3694.9252835420084	71226	0
3465	289959	157650750.0	0.09812029	0.0	0	12030.411709087995	12087.854117458492	77430	0
2078	202751	1712987100.0	2.9459577	0.0	6	380.933859147465	402.4060297559895	78343	0
751	91300	14630983000.0	18.212725	0.0	0	21017.27137070644	21059.774780878746	81903	0
906	107968	4377409500.0	7.1712074	0.0	0	22521.404334371313	22531.432169858483	82730	0
888	105839	8370038300.0	21.157778	0.0	0	8735.761874151709	8750.556109598896	86962	0
3090	268684	104199304.0	0.05390098	0.0	0	9565.94385628504	9577.560622510468	88407	0
463	59607	10001210000.0	48.07744	0.0	0	15993.16852165272	16047.32358644185	91773	0
630	77993	304515600.0	0.38383335	0.0	0	4444.071523918615	4483.557083670703	92872	0
125	18518	4013601500.0	6.9295573	0.0	0	19140.158456048666	19183.10670375066	94385	0
1032	119772	12096346000.0	7.363413	0.0	0	18009.470973126605	18039.541248056314	95351	0
590	73579	2816703000.0	3.8073697	0.0	0	21873.07244814449	21889.323799457678	96160	0
3567	295941	514617000.0	0.36221766	0.0	0	22716.02329495418	22751.816239529846	96564	0
2603	238931	322377280.0	0.5986798	0.0	0	18666.617519821575	18672.68142510326	96566	0
892	106240	8624734000.0	18.262705	0.0	0	4834.15439923346	4877.794929664788	104876	0
2781	250015	580747970.0	0.41968727	0.0	0	21187.025235727502	21200.52369233028	109385	0
4163	327340	159202740.0	0.07820329	0.0	0	5704.2274102514175	5773.1163182586915	109702	0
4414	341139	165678700.0	0.088372216	0.0	0	8687.983080476983	8747.650742375841	110781	0
673	83090	4589108000.0	15.855375	0.0	0	6899.3508222803	6941.187118751854	112870	0
2153	208373	897683140.0	0.82753336	0.0	0	12020.463577920684	12020.525023981256	114113	0
177	23056	302895500.0	0.35637274	0.0	0	16002.144102556114	16041.013023606034	118835	0
1765	179799	1602842400.0	2.1429458	0.0	0	19604.96064341703	19630.758317211315	119531	0
1849	185743	1221265900.0	1.3141599	0.0	0	9991.168046235893	10001.432393091582	121343	0
956	112600	4419885600.0	4.597314	0.0	0	12942.297944015789	13018.385820189105	122303	0
357	47382	2401689900.0	5.8787746	0.0	0	21004.70326754469	21029.86560110169	122905	0
2517	232963	122372280.0	0.03581305	0.0	0	21317.134533702487	21337.946002962406	123733	0
522	66981	4906647000.0	3.590256	0.0	0	9142.239028552882	9179.143502890804	125779	0
1468	157171	3350939400.0	3.1362944	0.0	0	19160.275805782174	19198.375027205173	127640	0
1041	120788	108024890.0	0.122612335	0.0	0	16353.457643808513	16429.539842024198	129676	0
1891	189229	985996800.0	3.643897	0.0	0	17230.326831704362	17289.77021760676	130716	0
887	105589	4342819300.0	5.0871367	0.0	0	17289.72785509578	17332.707791221972	131975	0
1101	126308	2334577400.0	3.3282223	0.0	0	13645.976876171193	13678.466034855612	137488	0
3324	281649	169201970.0	0.20895328	0.0	0	18596.861073854077	18638.131319569136	138615	0
2599	238678	110485400.0	0.15919036	0.0	0	10127.857694071154	10163.12481238091	139600	0
5	5	3864490500.0	1.3421435	0.0	5	98.34902011917747	135.19210913719192	140119	0
2789	250497	154732560.0	0.069949776	0.0	0	19344.83003824932	19383.638130175077	143956	0
1841	185135	1455143400.0	1.1422368	0.0	0	21381.273423844446	21433.428258892753	146003	0
2998	263339	187020820.0	0.45408183	0.0	0	7034.010258109835	7072.475173428379	150446	0
2640	241263	953226940.0	0.7824992	0.0	0	9964.861783689816	9977.755492445429	151216	0
2077	202618	106250750.0	0.06145567	0.0	0	17688.834813390666	17736.891690340322	151967	0
1221	136325	3220227600.0	2.6987367	0.0	0	14212.238139388783	14275.30751460491	152827	0
3886	312645	90081220.0	0.137288	0.0	0	12100.719256368648	12108.411312111082	153085	0
5356	411435	143168800.0	0.109718055	0.0	0	16591.215382142593	16625.374077551227	154845	0
4291	334321	195306500.0	0.14762841	0.0	0	13720.574274658997	13784.974206063382	155649	0
4312	335578	98228980.0	0.1487739	0.0	0	9873.387337497992	9873.562838070677	156060	0
1031	119532	936095940.0	0.98515505	0.0	0	22845.16751761872	22870.312716806427	157934	0
1642	170374	2224619000.0	4.718637	0.0	0	19283.66062974533	19333.954459120705	158688	0
516	65761	617970600.0	0.63753855	0.0	0	9915.86741635358	9944.865540264358	159082	0
731	89319	183073400.0	0.83976245	0.0	0	6487.5315271426525	6633.539615315501	159914	0
643	79455	1861142300.0	3.6172776	0.0	0	14871.074188698363	14897.762786784402	161870	0
341	45533	1333539800.0	5.8014474	0.0	0	9752.017211420172	9763.532358050223	162658	0
1839	184953	1774100200.0	2.3502953	0.0	0	8246.773560870308	8414.012836330774	166943	0
1728	177129	1388967300.0	1.7022644	0.0	0	13488.947209569998	13570.54881517692	167499	0
2821	252409	431026270.0	0.47146606	0.0	0	19536.26050985451	19537.21562749735	168936	0
5290	403766	138825540.0	0.059964247	0.0	0	22461.75473914428	22473.140256471193	170147	0
823	99591	196445420.0	0.1717787	0.0	0	6248.348474077634	6262.290835089068	170675	0
725	88883	215994130.0	0.06839912	0.0	0	11850.15116291359	11950.39656111764	171790	0
2176	209815	1100140800.0	0.890959	0.0	0	12817.703111215933	12914.60345310032	171893	0
2332	220073	827756400.0	1.1962585	0.0	0	22423.65213081546	22441.894815597465	173959	0
4151	326813	187263620.0	0.10512068	0.0	0	8680.228973507757	8846.197982703916	175181	0
2382	223640	890580860.0	0.82047755	0.0	0	17676.42157868589	17687.280740023445	178361	0
1934	192326	99061500.0	0.033668153	0.0	0	14079.630751234143	14163.712355620533	180375	0
2799	251141	186423070.0	0.39766848	0.0	0	19988.642135128703	20024.246689670344	180674	0
2459	229247	893267140.0	0.7171346	0.0	0	6757.029415169002	6898.632103197876	181153	0
4670	357377	105664850.0	0.0958266	0.0	0	18619.20868504045	18666.00228002208	182117	0
1408	152431	622133400.0	0.5298727	0.0	0	18252.532838597905	18305.412769460123	182724	0
2099	204274	143772030.0	0.12581238	0.0	0	20697.748175573706	20733.76891950507	183388	0
2321	219494	812907100.0	0.66106987	0.0	0	17574.91630075952	17614.07967522057	183794	0
3073	267858	539652160.0	0.46617	0.0	0	9060.392752294563	9238.486680833355	186958	0
4557	350399	148878930.0	0.13741204	0.0	0	6145.538210696736	6225.2254616883465	187869	0
2101	204470	1408993300.0	1.6596047	0.0	0	12922.516030921104	12995.291916971426	189054	0
2227	213320	1075382800.0	1.0847195	0.0	0	10150.291213859447	10223.619213365904	190353	0
2369	222686	528861020.0	0.54635996	0.0	0	7163.008233199981	7369.69114821143	190527	0
365	48452	139868620.0	0.0047073923	0.0	0	23273.31439106972	23277.02612851306	190960	0
1943	193045	790623200.0	1.3701371	0.0	0	14075.806833926143	14088.934332883673	191751	0
2252	214937	710400640.0	0.4139239	0.0	0	8806.293549912432	8892.420232644607	193672	0
2129	206532	236576940.0	0.12606415	0.0	0	12796.214751238815	12888.223054303442	194430	0
2733	247037	615314370.0	0.560394	0.0	0	6360.543094777527	6522.068848784754	195155	0
2547	235158	594699900.0	0.39485803	0.0	0	19052.89499201484	19114.85249817091	195846	0
665	82129	132779016.0	0.011620541	0.0	0	16351.826826255809	16406.66871199095	197124	0
3019	264731	542383170.0	0.54946905	0.0	0	10326.703919115096	10451.572741116923	198772	0
3663	300755	209931700.0	0.29804385	0.0	0	12206.529216662242	12232.736060920104	199040	0
4895	372207	86598730.0	0.095093355	0.0	0	17427.93521271452	17503.788051951433	199635	0
2222	212921	1001146900.0	1.5157856	0.0	0	2815.068843526299	2873.9229956068216	202363	0
2759	248596	447332930.0	0.51356244	0.0	0	14646.161904477434	14687.507854950807	203348	0
2335	220261	319209300.0	0.19307941	0.0	0	8348.613198681123	8472.548655434759	204630	0
2803	251402	324296160.0	0.35726207	0.0	0	15241.893734561709	15252.80533568926	206531	0
5373	413131	176005200.0	0.108264506	0.0	0	22965.699268990265	22984.70381064065	206722	0
4986	377946	92521416.0	0.07920523	0.0	0	19032.211439514635	19038.917690356884	207595	0
5218	396934	92190744.0	0.061669912	0.0	0	21553.39277695235	21608.338659059387	207946	0
2090	203773	526469800.0	0.6465309	0.0	0	7405.47524807616	7430.531493971699	211095	0
1225	136509	154669300.0	0.15921395	0.0	0	10932.56710215841	10947.178787904644	213636	0
1883	188596	703159040.0	0.9570072	0.0	0	22168.29066689299	22216.066347512813	214747	0
165	21558	203436020.0	0.31216687	0.0	0	15330.562538646112	15363.681369332662	216404	0
810	98353	251536900.0	0.3131676	0.0	0	20549.465697646472	20603.890288037815	216732	0
2300	218277	726578000.0	0.9624742	0.0	0	13902.02841794354	13912.934043824276	220005	0
1346	146736	256923410.0	0.19469775	0.0	0	20826.821933030533	20836.415967302506	220943	0
2632	240653	379230240.0	0.2559385	0.0	0	6566.769215150307	6589.171866313008	227182	0
2688	244357	583532200.0	0.44074026	0.0	0	16026.315288403777	16037.197831942482	227556	0
1743	178041	274129120.0	0.31994563	0.0	0	20538.835061701877	20547.20786555053	228309	0
1731	177355	816285300.0	0.9577326	0.0	0	14094.947843675733	14095.321510017664	229460	0
5536	446061	90671530.0	0.06711105	0.0	0	17155.538981271515	17191.79543849882	231541	0
4912	372966	144816100.0	0.1829469	0.0	0	18801.52397063758	18805.35409498483	231943	0
2051	201071	503032860.0	0.58996636	0.0	0	11121.267450993075	11171.76667063437	232415	0
97	14292	563323400.0	0.88755924	0.0	0	16271.634091636432	16328.712712504077	233374	0
1875	188247	477954240.0	0.8551964	0.0	0	6691.144871600924	6821.39414211613	234080	0
3650	300099	247929230.0	0.41249847	0.0	0	21522.28172747582	21565.94179089131	235090	0
2588	237901	591375000.0	0.56819046	0.0	0	18987.735778958493	19002.446136089526	237151	0
1310	144159	515541250.0	0.37043524	0.0	0	16548.212115197748	16556.86269989064	237693	0
2456	229098	362332500.0	0.1360976	0.0	0	20123.441502044734	20139.617363024463	238472	0
1907	190445	725651300.0	1.1614363	0.0	0	8283.022599238902	8428.486875505014	239578	0
4340	337079	176911570.0	0.16743042	0.0	0	6332.5136697994	6357.788195810145	240864	0
3749	305347	375865730.0	0.41376987	0.0	0	6986.518873833587	7145.1475420136585	242017	0
1130	128527	287609660.0	0.37509802	0.0	0	23505.262252892244	23539.876981829944	242254	0
3254	277533	590800060.0	0.5950994	0.0	0	11811.15854255313	11893.021572332394	244549	0
2447	228461	216244220.0	0.8310169	0.0	0	19820.605435206093	19861.043629546013	245089	0
2020	198978	89895220.0	0.31628272	0.0	0	4121.990813623616	4270.402596017645	245417	0
3773	306616	303228930.0	0.20163286	0.0	0	11155.063875020034	11221.998996924847	247482	0
370	49088	266393150.0	0.38576362	0.0	0	17314.119383944962	17338.686522231106	248886	0
2562	236165	446420320.0	0.44312546	0.0	0	15769.395200255343	15807.955681625808	249195	0
283	37905	603750660.0	0.56148976	0.0	0	5896.771415306493	6013.025969316684	250255	0
2437	227718	179138460.0	0.25964847	0.0	0	7234.124038922772	7259.454015839605	252164	0
3474	290464	164279360.0	0.14570609	0.0	0	21707.187394798613	21721.92521663417	252470	0
2950	260464	358909600.0	0.73117393	0.0	0	7968.986594773947	8051.29336013556	254354	0
1694	174251	175633460.0	0.16230267	0.0	0	6545.140743588632	6705.006204733487	258178	0
4218	330428	186577970.0	0.13444498	0.0	0	22497.29863039457	22519.838797208195	258701	0
2472	230020	456473630.0	0.7983291	0.0	0	14111.653745160926	14139.633693996751	259465	0
5420	418960	99140300.0	0.05737696	0.0	0	22978.9487511775	22995.55642746574	260532	0
3172	273222	334463000.0	0.2674444	0.0	0	19059.643907806258	19067.792211203476	261369	0
3210	275273	411445920.0	0.46116957	0.0	0	11754.666288134116	11820.335545853928	261664	0
1853	186098	194060620.0	0.18391868	0.0	0	8472.60744313448	8487.418021328172	261793	0
2630	240548	428773000.0	0.3571426	0.0	0	6387.695996721517	6473.386851526311	262132	0
4772	363363	207219540.0	0.23859204	0.0	0	19249.657547528892	19277.448186650814	263849	0
3611	298071	241017340.0	0.24814746	0.0	0	13293.662779081944	13361.903789507069	264454	0
2427	227022	364241900.0	0.4734437	0.0	0	10791.89797267635	10834.46931829721	265149	0
4269	332998	190818690.0	0.16052644	0.0	0	18534.04153425864	18549.71906616959	265192	0
3128	270788	635229250.0	0.4236231	0.0	0	7171.502765673786	7217.286325488296	265592	0
973	114115	98559410.0	0.051728416	0.0	0	24102.51621930015	24106.863431986814	266616	0
5425	419333	100972296.0	0.09556159	0.0	0	14422.242692497923	14484.937994007058	267099	0
4130	325545	150098110.0	0.07630393	0.0	0	14517.13246359528	14549.65042953257	267310	0
3534	293934	399244830.0	0.43180054	0.0	0	12130.849600977408	12132.144162218012	268836	0
2327	219749	205364960.0	0.55235755	0.0	0	21681.401557643425	21702.136127752634	269618	0
3553	295108	170170140.0	0.113276675	0.0	0	6818.861810090237	6835.366924095873	269891	0
2798	251079	347630000.0	0.35254726	0.0	0	21017.579013573377	21045.8141690917	271590	0
3429	287814	176423710.0	0.25487247	0.0	0	7389.3591807199955	7544.161706032931	271915	0
5412	418157	99068270.0	0.20433149	0.0	0	20299.02690843892	20337.077023609145	271916	0
3661	300603	285644480.0	0.36951515	0.0	0	14316.93087644796	14329.755723256781	273828	0
3059	267033	346403650.0	0.33737546	0.0	0	19452.37674943595	19466.479266058748	275229	0
4352	337686	159651980.0	0.21151967	0.0	0	19692.477246488317	19695.987552194856	275766	0
4435	342380	199700220.0	0.26171887	0.0	0	18614.526231856067	18626.43610582515	279773	0
4873	370737	188135630.0	0.109132856	0.0	0	10982.01221028587	10998.387213262662	280730	0
2914	257890	211845950.0	0.25620702	0.0	0	15571.673772313792	15573.414719299224	284215	0
4653	356215	114649590.0	0.14701065	0.0	0	6890.3712609514905	6938.893333545573	284313	0
1138	129436	363819600.0	0.43303606	0.0	0	17151.581436330132	17163.338943599887	286515	0
929	109700	180190020.0	0.10290765	0.0	0	18543.139190197056	18552.562493415993	288843	0
3499	292070	172673170.0	0.11614697	0.0	0	18471.3791664382	18507.76416966662	289276	0
1483	158381	120749960.0	0.097585626	0.0	0	8290.0875838311	8433.467785096436	290528	0
3156	272264	658102660.0	0.7471992	0.0	0	2010.4959951232147	2041.682150500135	293617	0
3902	313699	319907970.0	0.6163394	0.0	0	20570.175559827232	20571.39808946254	293633	0
982	115106	343018940.0	0.4263689	0.0	0	13981.79308289618	14003.466207546997	296441	0
2838	253294	241125540.0	0.3767461	0.0	0	7866.395780914702	7909.68469811055	296724	0
1814	183147	272862200.0	0.8741319	0.0	0	11570.282007517078	11579.363640109957	297316	0
3181	273739	165918160.0	0.31520382	0.0	0	20338.950901553788	20344.124425601764	297546	0
3990	317868	126764344.0	0.14271466	0.0	0	8147.935384428228	8162.432570088987	297938	0
4059	321718	228371310.0	0.20914017	0.0	0	6914.750996272165	7022.245288009459	299159	0
2921	258361	286707420.0	0.39557856	0.0	0	12235.780475718959	12244.450305154098	300562	0
4802	365369	168072300.0	0.13845763	0.0	0	16138.035519866946	16206.260249672721	301437	0
4276	333368	233259460.0	0.27019075	0.0	0	25563.462394477898	25615.97044504111	301998	0
5103	386818	156299780.0	0.16906239	0.0	0	16510.617231220847	16579.38008217054	302689	0
1762	179447	254699150.0	0.26928714	0.0	0	15304.629435050374	15372.183272655075	303394	0
3992	318024	164571860.0	0.17914401	0.0	0	12547.193635314248	12581.949770672936	303531	0
4256	332196	130685610.0	0.13456613	0.0	0	17396.576668037727	17435.299854962155	305116	0
4703	359773	87260056.0	0.079362035	0.0	0	2774.9161537006376	2775.2754375766303	307628	0
3142	271463	122475680.0	0.118997365	0.0	0	14938.270804564736	14944.639091236739	307963	0
437	57101	336248450.0	0.23197758	0.0	0	6456.46919494115	6574.431267918571	308211	0
4865	370403	133263090.0	0.10607785	0.0	0	17439.518229753114	17484.532697333623	308455	0
3205	274878	142742770.0	0.30711246	0.0	0	6907.983724802169	6956.865778590608	308536	0
3995	318111	204417490.0	0.41984558	0.0	0	12692.634063227035	12733.675948078562	308831	0
512	64851	283860830.0	0.37934974	0.0	0	15862.212042214187	15902.81365616696	310356	0
4333	336640	113583256.0	0.16113456	0.0	0	3476.569617056344	3518.213841035684	310525	0
5509	436573	99008104.0	0.06526955	0.0	0	19078.379052250737	19111.259131579896	311092	0
2072	202407	125885850.0	0.057172023	0.0	0	18291.972872728675	18323.409993491354	312104	0
3723	303939	96269016.0	0.07864385	0.0	0	8122.480907222402	8153.593662051664	313343	0
2703	245238	179974190.0	0.29802838	0.0	0	11428.691889766736	11461.857324644247	313723	0
4521	347802	147241570.0	0.20450486	0.0	0	17230.012197018998	17270.478937946504	314720	0
3958	316183	158454370.0	0.20129707	0.0	0	6549.296596080884	6665.82138088914	314820	0
4608	353765	193095730.0	0.114346564	0.0	0	14544.760052034871	14616.142138278883	315186	0
4789	364335	102194744.0	0.16924466	0.0	0	7276.3957038911985	7293.037239612661	315358	0
4612	354013	151644020.0	0.10028319	0.0	0	7430.424987532686	7605.8467700207475	316675	0
921	109123	111611560.0	0.1289916	0.0	0	10149.274482865816	10213.572744443649	317406	0
2038	200116	252053420.0	0.41258314	0.0	0	23168.386322427014	23218.58101254518	317657	0
4165	327425	143439600.0	0.17718977	0.0	0	16156.744643313486	16238.05744438128	321535	0
4967	376576	91529640.0	0.097316556	0.0	0	2719.985507154617	2743.0361019048873	321658	0
3166	272899	239663540.0	0.38774133	0.0	0	20905.246994313307	20913.15934597703	322615	0
4361	338152	193563100.0	0.1862675	0.0	0	20264.23624500966	20301.552593995286	324013	0
438	57102	151989860.0	0.10537163	0.0	0	6482.873630808025	6598.57112790179	324858	0
3426	287655	139813470.0	0.1598296	0.0	0	7797.599640606797	7903.527208338099	327008	0
3374	284610	176197630.0	0.29456422	0.0	0	11372.360919797025	11443.813803141156	328987	0
5197	394221	98087730.0	0.09474453	0.0	0	15234.419213417383	15269.228848429808	332265	0
4914	373089	145370580.0	0.11624873	0.0	0	19870.341929733826	19919.93226027455	332290	0
1191	133764	142792930.0	0.1946988	0.0	0	8551.827668385236	8730.372630719292	333079	0
5297	404956	116640960.0	0.15527394	0.0	0	15688.052126027602	15753.909727709834	335443	0
3000	263518	89811720.0	0.12519555	0.0	0	14176.581926686325	14251.422214083832	336508	0
4192	328690	126240270.0	0.13988598	0.0	0	5240.168988467465	5289.565129520571	338220	0
4475	345015	132943130.0	0.1089962	0.0	0	10671.421803663236	10684.351331461974	338787	0
2584	237601	206565550.0	0.11116257	0.0	0	16261.610349511218	16310.589860731367	341701	0
2088	203545	206182260.0	0.2873251	0.0	0	17691.33532713025	17737.42276548727	341720	0
1311	144160	97473496.0	0.074492306	0.0	0	16585.69971214581	16594.57294528179	342903	0
4768	363093	100771600.0	0.19505325	0.0	0	18042.59920650794	18089.10614171016	343899	0
5452	424033	90271850.0	0.0805913	0.0	0	7660.003582804757	7707.749835606619	345193	0
4806	365531	111736184.0	0.19917987	0.0	0	16088.31941093989	16165.472734376292	347897	0
611	76020	94947780.0	0.036445946	0.0	0	6825.083305574468	7006.589946651618	347956	0
4849	369441	150179280.0	0.06044441	0.0	0	11573.182040932072	11610.897492358297	348684	0
3891	313032	84460210.0	0.3080347	0.0	0	15102.768409569537	15148.602371477606	349384	0
5055	383481	95070980.0	0.13704033	0.0	0	15708.082251353917	15748.501494376645	350690	0
4373	339095	92053760.0	0.11942555	0.0	0	18857.836341966315	18915.389348352954	352350	0
1108	126779	90159270.0	0.024066865	0.0	0	18301.589350019716	18307.912561166526	354253	0
3695	302449	126727784.0	0.19173563	0.0	0	20798.82015666367	20858.999557019728	354406	0
886	105341	148102530.0	0.12036796	0.0	0	15509.71115685388	15588.76756341656	355583	0
287	37909	208417170.0	0.2292988	0.0	0	5782.897378478105	5898.03078804355	360369	0
2431	227335	118065420.0	0.07133897	0.0	0	6868.805418121297	6907.792859724843	360932	0
1687	173800	185259140.0	0.25795996	0.0	0	15227.28100040308	15278.463457745096	361894	0
1791	181497	85844890.0	0.11500799	0.0	0	7889.1351845241925	7999.187674948608	362615	0
4124	325325	165529060.0	0.089392476	0.0	0	15659.514759796852	15696.82547593354	363580	0
1409	152432	105055080.0	0.14901713	0.0	0	18279.99514000108	18332.480172899686	364581	0
4920	373386	98419656.0	0.083490774	0.0	0	2034.8585019871866	2115.366446298842	365910	0
5404	417540	105697230.0	0.10406244	0.0	0	15661.584245591886	15737.579290975587	366761	0
1664	172053	88911820.0	0.10064218	0.0	0	9912.093110838985	10011.28453921715	366816	0
4527	347982	103715240.0	0.089461066	0.0	0	20057.7329980028	20082.88149185693	366952	0
4913	373024	120785640.0	0.13608329	0.0	0	6204.594458238456	6211.977086717172	369578	0
3220	275713	104380530.0	0.057164837	0.0	0	12225.765871731968	12251.5482968167	370221	0
1211	135430	145538800.0	0.21565723	0.0	0	21011.305560189394	21058.489006726548	370332	0
263	34988	96865240.0	0.026935568	0.0	0	19012.901569641264	19052.758291689144	373907	0
4681	358169	98908510.0	0.13383418	0.0	0	8066.6392316202755	8092.071773569647	374542	0
4629	354809	126446140.0	0.12215994	0.0	0	13283.112089536493	13367.154413217038	375214	0
2654	242176	143972220.0	0.2502318	0.0	6	1545.1814113273933	1560.7086884833604	375412	0
2256	215144	109891290.0	0.26556426	0.0	0	14383.539275693005	14456.250381459799	379087	0
5554	455369	105932910.0	0.06618189	0.0	0	12802.84348684566	12885.600527136448	379155	0
4897	372304	148904350.0	0.11933758	0.0	0	7174.760054217237	7231.64878642111	379432	0
881	105072	97726550.0	0.13139464	0.0	0	7915.850546259819	7931.500024037244	379736	0
5415	418435	95017624.0	0.06039025	0.0	0	8459.072798581372	8470.779877068344	380417	0
5048	382879	122261750.0	0.111885674	0.0	0	7350.9822642420995	7415.25501851349	381833	0
3708	303204	101300460.0	0.06397381	0.0	0	9819.217179982652	9859.475006490604	381977	0
3626	298928	92522670.0	0.1260542	0.0	0	21699.43261380917	21763.52797245945	390040	0
4678	357858	111106104.0	0.0573002	0.0	0	11181.30126177534	11283.07361695008	396323	0
4546	349767	108123464.0	0.14132352	0.0	0	21803.686824114968	21856.116299810048	399500	0
4536	348708	88558370.0	0.13600521	0.0	0	11596.89812700579	11625.46933982919	402916	0
5095	386219	97142830.0	0.07435776	0.0	0	12899.76183609068	12968.773546368664	405501	0
5548	453362	90776360.0	0.051087197	0.0	0	13882.040081091829	13955.956273920123	405971	0
4303	335167	128577760.0	0.07752402	0.0	0	17679.41015870386	17686.3310305735	407154	0
241	32026	90655540.0	0.012475909	0.0	0	13726.266651364731	13797.587926374494	407833	0
5175	392486	116718710.0	0.045692362	0.0	0	7226.941782972602	7360.204767364003	410871	0
4773	363422	123180376.0	0.13473366	0.0	0	11593.798217272708	11637.483971445854	420082	0
4613	354041	88093736.0	0.13269809	0.0	0	14409.866724020538	14416.472035588144	420992	0
875	104236	115830660.0	0.16341367	0.0	0	18703.907320047492	18745.04100212575	429152	0
4017	319421	303231740.0	0.31229788	0.0	0	6562.99593792608	6750.978829521328	11	0
3540	294294	162955780.0	0.20373939	0.0	0	7313.182377066216	7339.657999580371	282807	0
4769	363119	114658616.0	0.041659746	0.0	0	8808.98799227785	8947.225157999863	111207	0
2791	250623	322802940.0	0.5346621	0.0	0	14604.60877132166	14633.84349410029	224346	0
1216	135846	87843944.0	0.046309903	0.0	0	21832.598449505283	21848.28856208036	177534	0
969	113932	156866190.0	0.2502834	0.0	0	20943.852428437283	20969.681927008958	236772	0
3467	290097	335023170.0	0.21366015	0.0	0	3814.319589580044	3860.8638971217806	243414	0
2311	218821	335246940.0	0.27263704	0.0	0	14451.244091095883	14454.469868148932	273527	0
3922	314546	244949780.0	0.14169468	0.0	0	18802.168439873596	18835.970801941912	346521	0
3778	306939	208460900.0	0.18144158	0.0	0	14480.75025555768	14538.175636560114	316296	0
5523	440102	102143580.0	0.087735355	0.0	0	13616.978185775753	13690.784966613037	330909	0
1978	196135	1431027600.0	1.877402	0.0	0	18273.789290289093	18281.842741483742	167615	0
3415	287137	231173700.0	0.5689071	0.0	0	17764.894797600213	17815.525102625325	320736	0
3796	308094	324688800.0	0.27808762	0.0	0	14756.183713091374	14800.155164125343	268163	0
3120	270250	389352260.0	0.19776073	0.0	0	14226.487509201757	14240.773595558156	259736	0
2636	240930	202081980.0	0.3628732	0.0	0	15472.456895585565	15519.421162725228	266191	0
2133	206846	411829860.0	0.27148825	0.0	0	9173.87564127433	9202.895407563317	290174	0
4597	353047	137748780.0	0.099349566	0.0	0	9453.892751586724	9557.647149552558	351214	0
639	78994	572284900.0	0.21588963	0.0	0	8603.009145518998	8639.471421538217	289469	0
3604	297779	437451780.0	0.28274563	0.0	0	8125.658974173441	8151.773162414514	255493	0
3100	269255	354169660.0	0.40165102	0.0	0	13483.458320151609	13510.613053055198	242407	0
1398	151799	197702320.0	0.22858576	0.0	0	21478.38729026367	21483.608602657387	272473	0
3542	294506	191936580.0	0.45904347	0.0	0	19259.680825934764	19271.997256019884	323868	0
3186	273974	332592600.0	0.22760032	0.0	0	8466.61993583055	8630.962992141924	303263	0
