	SubhaloID	Mass	SFR	num_mergers_in_last_2Gyr	N	r_1	r_2	matched_to_merger_subid	ngrows
1135	137864	7307392500.0	12.417984	0.0	0	20439.43480344751	20563.684519842485	6	0
1074	131495	169244320.0	0.110670425	0.0	0	10355.821957076998	10464.3768194076	171893	0
4147	351760	249143460.0	0.21551171	0.0	0	17060.73876876065	17061.4805686978	310356	0
4049	346361	338165020.0	0.41343427	0.0	0	12385.521755384321	12424.15347625667	315358	0
4486	369332	163788940.0	0.26807868	0.0	0	11931.786266315701	11985.688189375434	407154	0
3242	300328	536595330.0	0.30396178	0.0	1	1907.5457007313378	2127.03062942685	11	0
2295	237181	1226124400.0	2.004787	0.0	0	23663.097507518614	23757.51937415515	16	0
1120	136619	2159161600.0	2.3017032	0.0	0	20072.717426233114	20165.94441241209	164439	0
6297	477768	167996960.0	0.15490149	0.0	0	9928.70714414411	9948.011932102303	280729	0
2469	249270	591320260.0	0.6132477	0.0	0	6342.886898958707	6379.523519191632	294451	0
4179	353527	218751950.0	0.29665753	0.0	0	14835.320896630436	14882.380215402402	233959	0
1278	151804	139757100.0	0.07235645	0.0	0	23315.1297649427	23460.605762593183	411149	0
766	99651	1188412800.0	0.9904995	0.0	0	6675.450896992502	6797.018439402034	14536	0
228	31053	133158470000.0	156.0126	0.0	2	1692.330818890189	1769.5313726871477	22404	0
4412	365483	230998670.0	0.19746536	0.0	0	20242.42124914196	20378.675592831172	22415	0
1582	180202	1366323300.0	0.5480056	0.0	0	20519.298626420976	20591.102039284262	32716	0
4029	345242	332721700.0	0.26684222	0.0	0	19534.02431172574	19657.859624785026	37473	0
1180	141579	9350138000.0	19.887302	0.0	0	13352.23181308812	13509.283683668835	44459	0
1643	185976	6965338000.0	2.1116018	0.0	0	17898.20884046285	17996.09005527931	46599	0
589	77207	50093887000.0	46.668396	0.0	0	22522.496001536027	22688.981251314708	50017	0
3881	337085	766596860.0	0.61662096	0.0	0	23726.54659006837	23876.859483953216	65499	0
3299	304076	248895710.0	0.3694075	0.0	0	11831.132950907644	11858.364239301562	68342	0
4603	375281	476278530.0	0.5074048	0.0	0	14634.855448392836	14758.856149838719	71854	0
119	14532	1003490000.0	0.5881882	0.0	0	23207.589545612547	23343.113811091105	71857	0
1671	188562	1622686300.0	5.8981633	0.0	0	19075.704983950887	19173.36696198337	76751	0
634	83302	26598226000.0	6.8320217	0.0	0	18977.983078867255	19155.279896586937	88660	0
801	104251	8254660600.0	9.3655	0.0	0	15895.726546345813	16009.00950794744	101003	0
1756	195824	2310494200.0	2.8551068	0.0	0	22479.994940973713	22553.51163094033	108432	0
2281	236103	291791420.0	0.38462853	0.0	0	14146.121956238674	14154.47636219776	112797	0
1073	131494	14948234000.0	8.914599	0.0	0	10471.346736522886	10581.752763084512	120328	0
868	111583	11233779000.0	26.157156	0.0	0	23252.661325726433	23324.10386522942	124214	0
1034	127852	1820591200.0	3.1975062	0.0	0	4985.364763476244	5069.1249406240495	127853	0
855	109776	669707260.0	0.44111532	0.0	0	3534.3866127783044	3546.003118669295	130563	0
1195	142965	6720786000.0	5.6708145	0.0	0	20619.11367231144	20667.937863004165	133997	0
2189	229943	913400770.0	0.714098	0.0	0	9346.315607873497	9490.13752340561	136620	0
1160	140028	511546270.0	0.61046726	0.0	0	12209.421355131954	12346.207105180436	136621	0
74	9443	10568496000.0	10.75759	0.0	0	2798.4923380363966	2916.4461742083604	137190	0
5391	415480	159597710.0	0.07756482	0.0	0	5741.687389538292	5751.0132962932985	142396	0
5414	416801	102156056.0	0.123410575	0.0	0	13063.988277512493	13175.857851502285	144931	0
53	5884	3759268900.0	0.06716867	0.0	0	19263.78734934649	19390.524266432516	146191	0
3831	334243	120324730.0	0.09452583	0.0	0	18523.09481034908	18548.068505010135	148447	0
590	77208	2896461600.0	2.7649364	0.0	0	22536.701478575487	22636.989847254765	152862	0
716	92792	109763890.0	0.05814693	0.0	0	7214.456893597571	7246.506656797139	153315	0
3867	336284	127699160.0	0.10340958	0.0	0	10422.829135410686	10471.688067482248	158476	0
542	71851	4008748800.0	11.889557	0.0	0	17374.449192112384	17375.053690627465	161132	0
2708	266306	624495300.0	1.0469189	0.0	0	11919.136835899846	11937.2226052422	161883	0
1515	173098	7620243500.0	10.447506	0.0	0	22337.8304168988	22416.725370345557	163852	0
2395	243880	286120700.0	0.23998843	0.0	0	18804.613408604102	18816.176614956217	165990	0
4967	394053	208983360.0	0.104873724	0.0	0	13940.35043256446	13959.090640163311	167086	0
2457	248403	604200500.0	0.59290195	0.0	0	12086.670466833199	12268.060344844747	168575	0
1171	140813	4152532700.0	5.893784	0.0	0	13707.5720942977	13909.57803865507	171081	0
1628	184537	630775100.0	3.3436131	0.0	0	17131.707955364895	17201.466252927803	172052	0
1192	142637	3077388300.0	4.173805	0.0	0	19780.46707384226	19805.054167761635	172524	0
2331	239423	168950240.0	0.19816498	0.0	0	3894.19465319687	3987.761383028701	182146	0
1759	196140	2612525800.0	5.754638	0.0	0	21614.4782038349	21619.588481147573	183247	0
626	82020	7156884000.0	6.611404	0.0	0	14330.348537361078	14368.009598449671	185179	0
3179	296442	313816480.0	0.23534922	0.0	0	13114.66111018701	13245.410359465668	189456	0
3009	286013	94880280.0	0.059935484	0.0	0	24875.300400068616	25014.455041944297	189898	0
2190	230048	1902768800.0	2.247958	0.0	0	15907.464826551284	15997.827814925706	191089	0
4936	392516	328837570.0	0.18847531	0.0	0	8021.837304912159	8135.160708172869	191849	0
2117	224050	1743942100.0	2.2576141	0.0	0	6342.568110199211	6371.584366271681	197232	0
1198	143264	3421278000.0	3.2193415	0.0	0	21499.115363395547	21627.63882708382	198902	0
125	14538	411563900.0	0.20007691	0.0	0	23169.846608485437	23308.38189885977	199301	0
1056	129325	1836435700.0	1.4198301	0.0	0	7974.518296359926	8074.274696632378	199657	0
6421	495580	129261000.0	0.06936971	0.0	0	8798.0644360146	9062.54506698075	200971	0
2703	265987	1094924200.0	1.2946938	0.0	0	26015.464213438572	26147.779072232093	202808	0
2387	243296	760820160.0	0.7318626	0.0	0	15272.10872755783	15395.08613084772	203389	0
1083	132699	1855724900.0	2.9684317	0.0	0	17906.141279305997	17985.298462590326	206830	0
5375	414626	288140350.0	0.15717895	0.0	0	12753.813880013215	12906.580399069437	208947	0
348	46602	938600700.0	1.0493345	0.0	0	5438.041494747461	5523.735588168867	209272	0
2464	248856	1813020000.0	2.0443528	0.0	0	19989.567119358686	20036.87826899434	209825	0
6209	467935	94141220.0	0.056395557	0.0	0	2646.707254029184	2687.0239561222943	210670	0
1049	128626	342706620.0	0.03945597	0.0	0	7847.84161721057	8067.775656017594	210822	0
2206	231279	1330370400.0	1.8327343	0.0	0	24040.376311485343	24155.78447537243	212501	0
2603	258967	1368535400.0	0.98598707	0.0	0	9514.4651343473	9651.278267866694	216109	0
6128	461437	95532824.0	0.057426948	0.0	1	1843.8675549053798	2177.6239365013453	217196	0
4413	365531	157171100.0	0.15850821	0.0	0	16293.419407907619	16332.799160542707	221612	0
666	87130	1144045200.0	2.5082598	0.0	0	8254.797426796718	8387.28780309227	223928	0
3185	296826	709432500.0	0.65789205	0.0	0	16559.006768639774	16578.07694739863	226413	0
942	118403	444206430.0	0.16275239	0.0	0	3873.4228629051977	3961.4955303132397	226732	0
1955	211105	1533103600.0	2.2301219	0.0	0	17409.97534152426	17431.903511418914	227961	0
1531	174696	105728300.0	0.056683563	0.0	0	9976.09932668497	10032.344100367254	231004	0
2625	260524	1280694100.0	0.78722584	0.0	0	15528.943218369825	15565.755096341718	232539	0
6027	453370	135771100.0	0.047158618	0.0	0	26796.859097909146	26904.41391464805	232770	0
1928	209464	1886606200.0	2.386762	0.0	0	14224.840993577074	14239.57131291426	233296	0
559	73291	1206228900.0	1.6009903	0.0	0	6899.8190429488795	7155.09030938483	234647	0
3732	328765	394506400.0	0.37800556	0.0	0	7056.286751225394	7058.185325954246	237024	0
1561	177747	598785200.0	0.53189975	0.0	0	18637.42880669119	18691.70040554998	238586	0
2746	268880	905965060.0	0.57402134	0.0	0	6038.009097029682	6070.1170873637975	241334	0
273	35461	2293059000.0	5.0525284	0.0	0	2913.396462143243	3026.458709142808	241525	0
4403	364977	193136900.0	0.20802955	0.0	0	18400.52334067437	18450.5730728278	242390	0
5469	420458	85538680.0	0.045138422	0.0	0	19326.977066687155	19375.868138655944	247070	0
2793	271896	842151700.0	0.4179914	0.0	0	21450.142816263873	21457.032177899724	252944	0
2866	277040	587907800.0	0.6659533	0.0	0	17142.766922243634	17265.35131074874	257804	0
3599	320942	353881540.0	0.33806327	0.0	0	17357.66836161132	17399.89635199089	258509	0
1222	146395	661674400.0	1.9584343	0.0	0	14480.101019365075	14650.109059417802	261091	0
3565	319194	453851970.0	0.19120255	0.0	0	6317.981976480127	6497.58133694986	262054	0
4092	348637	106437224.0	0.09380328	0.0	0	5923.54587307745	5933.9143108216795	263788	0
5696	433132	222918380.0	0.10605729	0.0	0	15513.007533543667	15605.540609847576	264496	0
2881	277856	875128000.0	0.748444	0.0	0	23039.55608109328	23137.2031207756	264930	0
5824	440309	196400510.0	0.092549585	0.0	0	18491.09064716854	18605.070298809595	266222	0
4424	366063	322914140.0	0.23467574	0.0	0	21851.805200249084	21853.556226983095	269177	0
2760	269620	643764350.0	0.35880068	0.0	0	18544.74130057799	18581.744617897428	269457	0
2745	268741	384174270.0	0.48839876	0.0	0	9055.42577655504	9187.782966498216	269522	0
2021	216240	1113785000.0	2.7856646	0.0	0	16060.681360082686	16071.335004073837	269789	0
3803	332562	698536100.0	0.834633	0.0	0	16761.848574785192	16834.759116050926	269949	0
601	78760	556023360.0	1.411928	0.0	0	19013.230820802062	19061.602374718186	270491	0
2423	246388	1190896600.0	2.2878582	0.0	0	6635.502514173762	6637.5881085219135	271076	0
1776	197330	336913060.0	0.27048147	0.0	0	12412.106048650383	12473.395492595831	274545	0
2769	270430	1145694100.0	1.2129266	0.0	0	6583.114019389948	6590.784268716949	275559	0
3383	308952	380802400.0	0.33573812	0.0	0	6722.836420622658	6812.213395789847	276775	0
1965	211795	552594500.0	0.62425786	0.0	0	10806.872010571858	10815.400498694245	277351	0
4541	372341	453215040.0	0.39754567	0.0	0	3494.4539316137384	3595.86951232081	278328	0
2393	243774	1083452300.0	0.5263744	0.0	0	22746.86743442685	22814.475547898623	281231	0
5091	400078	94858190.0	0.13744928	0.0	0	5308.641782828674	5327.275497871826	281418	0
4890	390239	172297400.0	0.18743975	0.0	0	13091.089648914254	13220.050144049901	283492	0
2319	238714	440037980.0	0.5069556	0.0	0	21551.464368669207	21636.482749797386	283849	0
3313	305053	525832420.0	0.54560876	0.0	0	4915.044168580642	5059.0032436953015	284584	0
3187	296899	129388310.0	0.085561946	0.0	0	25060.361729182765	25143.311389519	286672	0
3359	307707	584937000.0	0.81109476	0.0	0	17501.813458824887	17535.55798402252	287125	0
6514	519542	136406930.0	0.101527065	0.0	0	18408.356880860912	18408.52462893538	289776	0
5904	444966	208818290.0	0.1627458	0.0	0	21195.23851583243	21328.241425612698	292636	0
1535	175086	450673660.0	0.38468406	0.0	0	18176.067155362904	18190.96738857746	295500	0
3278	302856	524275460.0	0.33323878	0.0	0	14271.482291724216	14298.006502293421	297428	0
1978	212597	238823220.0	0.56726843	0.0	0	23425.57872707218	23554.079473268474	297881	0
560	73292	170885630.0	0.07278122	0.0	0	6970.742616361768	7226.88289804	298721	0
4847	388095	303314270.0	0.31313407	0.0	0	17761.568436712452	17764.54437192412	299303	0
895	114169	875713660.0	1.0535839	0.0	0	10863.787190800866	10896.165247934496	299876	0
3437	311729	362267970.0	0.19656335	0.0	0	14022.476443682335	14148.790600420425	299960	0
129	14542	759330900.0	4.022262	0.0	0	22799.967978074677	22935.891020015482	300897	0
3089	291075	547666750.0	0.495427	0.0	0	18566.362353865396	18579.4999752967	302625	0
5036	397245	217735950.0	0.11713487	0.0	0	13749.48092674899	13803.312935981356	304415	0
234	31059	527985440.0	0.38423544	0.0	3	1466.6223097970737	1777.8647419624647	306015	0
4338	361779	374584860.0	0.3893427	0.0	0	7383.869695556005	7440.477736776656	306611	0
2990	284793	448772030.0	0.38854215	0.0	0	18614.786553422986	18621.64243281828	307641	0
4806	386173	224213060.0	0.21619153	0.0	0	24980.856837840452	25110.546745463027	309044	0
131	14547	386533980.0	0.016510274	0.0	0	22884.62955895057	23026.953756381266	314541	0
4021	344835	384208930.0	0.21821009	0.0	0	16965.176360618636	17110.15005786026	314573	0
1087	133009	93507380.0	0.06843159	0.0	0	12189.503435012588	12333.655650222921	316296	0
4482	369136	421473500.0	0.36428946	0.0	0	4404.916148196785	4429.6161105690035	319063	0
4595	374907	204376050.0	0.15953699	0.0	0	3040.143785614547	3375.4201685670305	319425	0
1450	167964	474902980.0	0.60179	0.0	0	17482.18794400078	17601.647502360716	319558	0
276	35464	352933950.0	0.3538494	0.0	0	3081.6193684487225	3190.504521582132	320058	0
3207	298243	558390850.0	0.2722728	0.0	0	8198.061087390475	8422.813351135019	320513	0
3714	327578	222641840.0	0.29949248	0.0	0	17734.89936185924	17768.798071858495	322068	0
5075	399486	245701010.0	0.18470351	0.0	0	6940.036579509695	7179.885425529242	322329	0
5068	399046	300036320.0	0.22052492	0.0	0	15886.91645139655	15962.76841280838	323336	0
3974	342112	394932860.0	0.1329379	0.0	0	8996.972614509921	9072.73608530916	323540	0
5337	412787	84518870.0	0.06574635	0.0	0	20044.59028607339	20065.82184603866	323932	0
2824	274198	440552700.0	0.9982872	0.0	0	11941.202860730828	11980.270256232632	324774	0
4468	368450	541333700.0	0.40537524	0.0	0	20597.357053167376	20633.84860020519	325149	0
2655	262670	552912300.0	0.31255642	0.0	0	6424.180365112508	6433.437276903514	325249	0
2427	246724	201268340.0	0.25873926	0.0	0	14020.106503446113	14105.114661495923	325294	0
5288	409732	198402510.0	0.16742519	0.0	0	19770.003491205254	19833.328414889595	325837	0
1730	193367	245665600.0	0.3175531	0.0	0	6321.7751393796825	6339.928618888739	326689	0
6187	466355	161680300.0	0.048527014	0.0	0	11877.043565802282	11992.108827501654	327542	0
5055	398180	197707580.0	0.20893104	0.0	0	17748.635412485753	17748.73398764703	327724	0
700	91068	398737950.0	0.12737252	0.0	0	17192.78869720105	17225.157259764288	329203	0
2794	271981	321854200.0	0.46406317	0.0	0	15708.399218746323	15733.8891730493	331565	0
4117	350002	263693150.0	0.24960686	0.0	0	17027.235494308974	17104.909306570124	332664	0
3882	337107	248038940.0	0.20126924	0.0	0	17637.34357516652	17684.93059907827	335789	0
5501	422124	276448130.0	0.12956683	0.0	0	16170.030716377081	16279.345088672928	336236	0
4657	378288	309478240.0	0.17571302	0.0	0	15096.069256975457	15200.268010786169	336674	0
2286	236596	150276340.0	0.026287926	0.0	0	8948.069269199534	9092.885217358797	337183	0
3013	286361	616032400.0	0.4323228	0.0	0	15819.568716123522	15884.04931596321	338170	0
4792	385470	229828100.0	0.17776458	0.0	0	9159.665458572561	9300.371061047288	339033	0
4107	349400	280108930.0	0.22712426	0.0	0	16162.638508984523	16334.524044358544	340507	0
4082	348191	225285700.0	0.06605582	0.0	0	24144.140441825017	24225.21927250275	342332	0
4769	384224	191054620.0	0.21529663	0.0	0	7379.8363965074095	7586.026566947028	343705	0
4308	360199	399276860.0	0.6406911	0.0	0	16939.946429950018	16978.608838603923	344044	0
719	92796	250664980.0	0.5469237	0.0	0	7107.863605483024	7133.94118186947	345715	0
3473	313945	305650660.0	0.17506376	0.0	0	4636.314390898885	4745.4746791800935	354032	0
3486	314732	346410530.0	0.16460802	0.0	0	8332.309369183058	8409.928116245623	354480	0
4488	369417	327204480.0	0.17802042	0.0	0	19156.62462353137	19197.046281243103	355272	0
4592	374711	149315840.0	0.09367781	0.0	0	2697.267146520294	3006.5968104976464	356036	0
3719	327926	218703620.0	0.21707428	0.0	0	9201.452273195104	9283.220386588093	356368	0
5563	426206	96199660.0	0.06984699	0.0	0	15495.398946784822	15586.688320467281	357786	0
4472	368614	248473090.0	0.24175215	0.0	6	973.6515027798894	1138.137015003313	360500	0
2430	246823	159844590.0	0.106781185	0.0	0	14609.069914854936	14637.126490764684	362116	0
4430	366445	205259710.0	0.2423199	0.0	0	15513.083112470245	15703.251833746506	362366	0
4454	367785	154642560.0	0.14424726	0.0	0	19482.3713870298	19625.970414617677	362629	0
5404	416109	148379100.0	0.10917812	0.0	0	19614.562274000076	19654.412329893286	363100	0
3114	292550	259552830.0	0.19471152	0.0	0	15359.897779751354	15473.869057789017	363217	0
3055	288961	275343100.0	0.17733921	0.0	0	23711.408187649587	23831.31539811455	365582	0
4154	352095	91892760.0	0.11207305	0.0	0	15762.582810434942	15932.662770505885	367557	0
3554	318628	198526620.0	0.23073623	0.0	0	9476.335004690181	9509.939717110221	368687	0
5661	431274	121922424.0	0.13437194	0.0	0	7786.545604887399	7825.975741754842	370575	0
3933	339871	244881650.0	0.2056946	0.0	0	16527.306941269806	16578.9215673025	370987	0
2009	215168	136671100.0	0.06554823	0.0	0	5220.6109121876825	5227.927792608461	371771	0
5427	418271	223909470.0	0.1692695	0.0	0	11683.437585270447	11708.232015634188	372384	0
690	88968	111675430.0	0.016177861	0.0	0	2307.803507025502	2336.481076564961	373100	0
5401	415864	104110950.0	0.09849272	0.0	0	8749.675618532709	8850.050094032604	374213	0
6495	514698	107901520.0	0.07229191	0.0	0	22126.11524131185	22170.055017878247	374762	0
402	53606	84794104.0	0.040997982	0.0	0	15673.240079065612	15725.81421627258	376985	0
5579	427029	227350380.0	0.17167424	0.0	0	18442.848694505035	18555.536164755547	377471	0
37	45	159903550.0	1.0466102	0.0	0	0.0	0.0	377800	0
744	96341	161029220.0	0.1043555	0.0	0	3527.8743284794923	3571.2596580189893	379001	0
2521	253350	96362856.0	0.049881678	0.0	0	14279.378563633605	14419.430953975885	379044	0
5252	408074	121542216.0	0.12662642	0.0	0	7635.178604776217	7664.134331430331	380698	0
6134	461865	205458480.0	0.089397945	0.0	0	14029.47378592956	14054.575004599224	382058	0
6308	478936	100200696.0	0.15395185	0.0	0	10482.598002360879	10513.362295306848	384874	0
1929	209465	94850010.0	0.05084909	0.0	0	14203.59133650961	14218.773549572315	385777	0
1177	141115	152623180.0	0.05979627	0.0	0	5916.826850933665	6029.585243423667	389200	0
4466	368345	173455220.0	0.1595505	0.0	0	7730.768654394645	7883.618652191746	390849	0
2490	250978	147939550.0	0.17412424	0.0	0	7634.280495598664	7776.734955426911	392624	0
1469	169245	147299070.0	0.011209705	0.0	0	9073.153453135586	9328.39737198928	395412	0
4949	393021	214863630.0	0.20157813	0.0	0	16267.368123669947	16278.14621836873	395498	0
2329	239319	193397840.0	0.28372753	0.0	0	23601.88014882834	23736.61223748215	396065	0
6472	507778	120296310.0	0.062688865	0.0	0	14496.834432311152	14663.604890933151	396628	0
4078	348039	162959940.0	0.17860632	0.0	0	18138.45400701264	18192.14467071935	396687	0
2525	253622	101159010.0	0.10604745	0.0	0	4372.285400956127	4457.04041500748	398962	0
967	121059	299909900.0	0.016829407	0.0	0	18666.569801828784	18716.759701485025	399834	0
5867	442853	99435976.0	0.04220949	0.0	0	5757.503552706296	5814.24213685386	399877	0
5274	409257	126378670.0	0.26529822	0.0	0	16636.161890372	16754.527424333886	401485	0
4813	386498	112605810.0	0.14534082	0.0	0	8752.370114991903	8848.39453386645	402067	0
2895	278657	86519970.0	0.26473847	0.0	0	14338.317624589194	14412.073811382783	404293	0
3260	301675	162388800.0	0.30789366	0.0	6	1313.295748930596	1452.3201069542492	407030	0
4926	392024	215623600.0	0.15944342	0.0	0	12086.531910770369	12138.751963674618	408217	0
876	112323	154074000.0	0.04254583	0.0	0	16866.320702636804	16907.149529676713	409201	0
6177	465703	131654680.0	0.08044268	0.0	0	8578.98511177952	8593.923675486196	411560	0
6420	495421	89433680.0	0.08530532	0.0	0	18345.750948160945	18443.951921815173	413023	0
6494	514631	104923470.0	0.0353148	0.0	0	20555.80765008489	20644.882776242717	414687	0
5355	413554	160311740.0	0.1533294	0.0	0	19013.789864543956	19117.386832440654	415699	0
5845	441441	139978420.0	0.11626578	0.0	0	5747.059905572145	5939.628218475649	416774	0
4943	392737	156220540.0	0.112710826	0.0	0	15898.072987086236	16063.270424804457	417200	0
1795	198642	97121944.0	0.07551296	0.0	6	893.8242452090813	1025.903246670334	419374	0
6478	509353	92341930.0	0.015421762	0.0	0	21371.794862291412	21461.997881204235	419682	0
5638	430314	161044770.0	0.09635913	0.0	0	17314.091123822716	17349.753891195272	421717	0
1368	161472	115479160.0	0.113278836	0.0	0	24554.87160960651	24704.840251453872	421896	0
5808	438950	135548670.0	0.1009144	0.0	0	20062.15030671081	20142.033213595558	423625	0
1348	159468	188381390.0	0.17684373	0.0	0	14285.07841859543	14427.58851137219	426734	0
1889	205943	94545100.0	0.02521366	0.0	0	18434.596100172777	18541.99784708241	427296	0
2676	263975	161887660.0	0.19554035	0.0	0	12118.051895838275	12263.247529925304	427947	0
6247	471715	95789650.0	0.06325392	0.0	0	14709.518056070638	14730.619171231627	432613	0
3112	292416	172328030.0	0.124702245	0.0	0	15275.656907754563	15363.122779768726	432899	0
1376	162334	121180130.0	0.08610936	0.0	0	8839.948049179826	8951.358101955435	435195	0
1904	207081	136607260.0	0.15465271	0.0	0	19805.73354052559	19843.105179175607	435910	0
2795	271982	137609940.0	0.108535215	0.0	0	15593.114584289513	15617.966356034336	435972	0
5781	437212	121324480.0	0.122993976	0.0	0	19013.309730331493	19037.40578518238	436335	0
6314	479688	92064700.0	0.080640554	0.0	0	12667.274535668888	12774.25967282528	437475	0
4977	394414	93379220.0	0.06410613	0.0	0	7508.409802715449	7563.768007195176	441199	0
6401	492913	120790700.0	0.11844414	0.0	0	6705.376150811943	6706.347165390617	443065	0
921	116225	115001040.0	0.008224594	0.0	0	16564.36458766825	16628.595117104327	443320	0
4315	360529	98409820.0	0.07596971	0.0	0	2433.7981091448205	2440.1934739555413	445476	0
6164	464347	95020936.0	0.06526588	0.0	0	9538.555328091004	9634.725010485645	446158	0
3417	310583	114805384.0	0.11683554	0.0	0	16489.072009007483	16571.563579287213	446796	0
6092	458519	106425840.0	0.1074718	0.0	0	7974.492733749299	8216.47600200747	448811	0
5780	437092	114929170.0	0.08538108	0.0	0	15914.045331625059	15997.859553150196	453347	0
3138	294037	108528744.0	0.07206074	0.0	0	17547.218496998958	17556.689392372926	455197	0
2209	231397	87104650.0	0.11582111	0.0	0	11223.933575092711	11367.457343120113	459388	0
929	116510	100130140.0	0.008122593	0.0	0	18080.10226525964	18080.597232119275	459408	0
6174	465327	97904890.0	0.0540512	0.0	0	23898.349407202422	24024.389366955682	463243	0
5896	444632	93424530.0	0.13417661	0.0	0	17853.898778463423	17856.23437584985	474560	0
6010	452240	90419930.0	0.07228733	0.0	0	15374.998346481996	15464.958797026547	485971	0
6285	476595	96262980.0	0.10287067	0.0	0	7931.809432059342	7975.003083953977	518185	0
