	index	Subfind_ID	t-t_merg	q	Type	mass	int_type	center
0	106	354550	0.46388417	0.11347156	Descendant	110246296.0	1000	35
1	162	444328	0.46388417	0.51786184	Descendant	283863230.0	1000	35
2	209	20	0.3083908600000011	0.183354	Descendant	2553591000.0	1000	35
3	210	27	0.3083908600000011	2.5923238	Descendant	261146740.0	1000	35
4	365	450685	0.3083908600000011	1.2867609	Descendant	236022320.0	1000	35
5	537	387145	0.145583740000001	0.10312708	Descendant	1194784500.0	1000	35
6	577	458613	0.145583740000001	0.25994986	Descendant	559867460.0	1000	35
7	599	497074	0.145583740000001	0.24263361	Descendant	124881144.0	1000	35
8	624	0	0.0	0.37458843	Merger	804641800000.0	100	35
9	625	8381	0.0	0.34018356	Merger	95084904.0	100	35
10	626	18217	0.0	0.32207277	Merger	308279330.0	100	35
11	627	25988	0.0	0.17038518	Merger	130263140000.0	100	35
12	628	39423	0.0	0.15044205	Merger	261240470000.0	100	35
13	629	42605	0.0	0.14952385	Merger	7440851500.0	100	35
14	630	59857	0.0	0.28528813	Merger	50251055000.0	100	35
15	631	71230	0.0	0.79116577	Merger	681614900.0	100	35
16	632	83430	0.0	1.4755234	Merger	1103327700.0	100	35
17	633	88517	0.0	0.11481022	Merger	35069276000.0	100	35
18	634	91322	0.0	0.16349882	Merger	62696698000.0	100	35
19	635	97093	0.0	0.10022584	Merger	133968720.0	100	35
20	636	100392	0.0	0.13826129	Merger	133757736.0	100	35
21	637	102251	0.0	0.19776657	Merger	67604087000.0	100	35
22	638	124199	0.0	0.10940961	Merger	68792290000.0	100	35
23	639	126080	0.0	0.35850498	Merger	122099864.0	100	35
24	640	135218	0.0	0.23284575	Merger	58699920000.0	100	35
25	641	135822	0.0	0.51231086	Merger	40868827000.0	100	35
26	642	137935	0.0	0.28408504	Merger	295828960.0	100	35
27	643	145556	0.0	0.2350105	Merger	31003020000.0	100	35
28	644	155119	0.0	1.1384587	Merger	136387660.0	100	35
29	645	155799	0.0	0.71035904	Merger	5246405000.0	100	35
30	646	158752	0.0	0.40673757	Merger	33540469000.0	100	35
31	647	162887	0.0	0.11517678	Merger	142027420.0	100	35
32	648	166320	0.0	0.13532148	Merger	32817068000.0	100	35
33	649	168099	0.0	0.10281688	Merger	22570312000.0	100	35
34	650	178588	0.0	0.5934896	Merger	4687519000.0	100	35
35	651	181952	0.0	0.512824	Merger	443418200.0	100	35
36	652	189571	0.0	0.1673572	Merger	9413595000.0	100	35
37	653	205969	0.0	0.48222736	Merger	12749004000.0	100	35
38	654	218596	0.0	0.45973173	Merger	9028564000.0	100	35
39	655	221696	0.0	0.15183733	Merger	13459553000.0	100	35
40	656	223421	0.0	0.16522978	Merger	9493678000.0	100	35
41	657	224969	0.0	0.17076163	Merger	115211976.0	100	35
42	658	228112	0.0	0.18109947	Merger	292103230.0	100	35
43	659	231060	0.0	0.17104904	Merger	269675200.0	100	35
44	660	234502	0.0	0.23642708	Merger	6557579300.0	100	35
45	661	236068	0.0	0.36968464	Merger	159526480.0	100	35
46	662	243238	0.0	0.1610646	Merger	15558439000.0	100	35
47	663	249500	0.0	0.4413564	Merger	1485351800.0	100	35
48	664	249502	0.0	1.2781721	Merger	205571120.0	100	35
49	665	250932	0.0	0.11731507	Merger	9270762000.0	100	35
50	666	253078	0.0	0.14598647	Merger	265622660.0	100	35
51	667	254600	0.0	0.41124648	Merger	3331909000.0	100	35
52	668	257794	0.0	0.10121432	Merger	6884685300.0	100	35
53	669	259668	0.0	0.14302804	Merger	3189255400.0	100	35
54	670	260859	0.0	0.16744363	Merger	291042050.0	100	35
55	671	263488	0.0	0.92162585	Merger	10180284000.0	100	35
56	672	268742	0.0	0.4490709	Merger	6250127000.0	100	35
57	673	269990	0.0	0.12646122	Merger	5900922400.0	100	35
58	674	280484	0.0	0.14725812	Merger	115286640.0	100	35
59	675	283743	0.0	0.16522798	Merger	105924820.0	100	35
60	676	283884	0.0	0.21033636	Merger	1891576400.0	100	35
61	677	289847	0.0	0.23106281	Merger	2399670000.0	100	35
62	678	296184	0.0	0.14372924	Merger	292203840.0	100	35
63	679	296607	0.0	0.17843583	Merger	382216770.0	100	35
64	680	297194	0.0	0.14534809	Merger	163995980.0	100	35
65	681	298720	0.0	1.068364	Merger	3323848200.0	100	35
66	682	302732	0.0	0.17595556	Merger	560977600.0	100	35
67	683	304057	0.0	0.15854296	Merger	209349660.0	100	35
68	684	313843	0.0	1.3893598	Merger	1327916300.0	100	35
69	685	315090	0.0	0.19591387	Merger	1849036000.0	100	35
70	686	317627	0.0	0.18232292	Merger	724504770.0	100	35
71	687	319692	0.0	0.7959344	Merger	1472601000.0	100	35
72	688	320819	0.0	0.18116082	Merger	88139660.0	100	35
73	689	323804	0.0	0.16692533	Merger	1778957800.0	100	35
74	690	325448	0.0	0.73284715	Merger	532471580.0	100	35
75	691	325639	0.0	0.36869174	Merger	1092243800.0	100	35
76	692	327657	0.0	0.17423405	Merger	128671096.0	100	35
77	693	328848	0.0	0.5210232	Merger	2885338000.0	100	35
78	694	328908	0.0	0.14976256	Merger	829853200.0	100	35
79	695	335787	0.0	0.88277745	Merger	358306180.0	100	35
80	696	337254	0.0	0.9436588	Merger	977827400.0	100	35
81	697	339221	0.0	0.14622234	Merger	346732740.0	100	35
82	698	340898	0.0	0.77554756	Merger	103437624.0	100	35
83	699	344104	0.0	0.29483548	Merger	1186364000.0	100	35
84	700	346964	0.0	1.752773	Merger	140676220.0	100	35
85	701	350841	0.0	0.6548894	Merger	222188060.0	100	35
86	702	352561	0.0	0.60022646	Merger	792959800.0	100	35
87	703	353826	0.0	1.747621	Merger	2216350700.0	100	35
88	704	354807	0.0	0.28490308	Merger	636890750.0	100	35
89	705	355743	0.0	0.21680269	Merger	1862254100.0	100	35
90	706	356655	0.0	1.2821804	Merger	239793920.0	100	35
91	707	357451	0.0	0.46640602	Merger	654551200.0	100	35
92	708	361428	0.0	0.12369972	Merger	452955700.0	100	35
93	709	362868	0.0	0.22152501	Merger	156226100.0	100	35
94	710	365355	0.0	1.3126153	Merger	381373600.0	100	35
95	711	365433	0.0	0.68325406	Merger	600642300.0	100	35
96	712	367203	0.0	0.15894416	Merger	202239790.0	100	35
97	713	370139	0.0	0.42148542	Merger	785235500.0	100	35
98	714	373204	0.0	0.1099587	Merger	278602620.0	100	35
99	715	375094	0.0	0.1929388	Merger	383777730.0	100	35
100	716	380053	0.0	0.110137396	Merger	1195228400.0	100	35
101	717	381167	0.0	0.10691452	Merger	93738190.0	100	35
102	718	381651	0.0	0.11472936	Merger	267932880.0	100	35
103	719	383318	0.0	0.1840695	Merger	1168474000.0	100	35
104	720	383367	0.0	0.30850124	Merger	518631800.0	100	35
105	721	383527	0.0	0.10993285	Merger	355183330.0	100	35
106	722	383677	0.0	0.1370135	Merger	422058340.0	100	35
107	723	384241	0.0	0.5260458	Merger	567815800.0	100	35
108	724	385179	0.0	0.4408066	Merger	662279100.0	100	35
109	725	386015	0.0	0.34671345	Merger	213990720.0	100	35
110	726	387106	0.0	0.13520674	Merger	1423283700.0	100	35
111	727	389663	0.0	0.85699826	Merger	764403400.0	100	35
112	728	390611	0.0	0.22551298	Merger	87363920.0	100	35
113	729	391164	0.0	0.14295623	Merger	262153300.0	100	35
114	730	397257	0.0	0.18078904	Merger	378084450.0	100	35
115	731	398461	0.0	0.39652184	Merger	156183950.0	100	35
116	732	403566	0.0	0.19719264	Merger	272288030.0	100	35
117	733	404894	0.0	0.39721748	Merger	291114800.0	100	35
118	734	407672	0.0	1.8475528	Merger	110541400.0	100	35
119	735	408042	0.0	0.22768442	Merger	705706240.0	100	35
120	736	410107	0.0	0.14899278	Merger	643320500.0	100	35
121	737	411554	0.0	0.12551561	Merger	923002240.0	100	35
122	738	415100	0.0	0.11378792	Merger	655334800.0	100	35
123	739	416765	0.0	0.57718396	Merger	380250240.0	100	35
124	740	416859	0.0	0.24824455	Merger	301691780.0	100	35
125	741	426500	0.0	0.11233509	Merger	178696720.0	100	35
126	742	430038	0.0	0.47049782	Merger	383146750.0	100	35
127	743	437111	0.0	0.38708296	Merger	386688960.0	100	35
128	744	437254	0.0	0.22693893	Merger	246120060.0	100	35
129	745	438100	0.0	0.20201823	Merger	302722600.0	100	35
130	746	439548	0.0	0.10740344	Merger	408436220.0	100	35
131	747	440595	0.0	0.2644419	Merger	372361950.0	100	35
132	748	440820	0.0	0.12548466	Merger	240705280.0	100	35
133	749	440958	0.0	0.28593865	Merger	329604130.0	100	35
134	750	443224	0.0	0.18719152	Merger	490288670.0	100	35
135	751	443832	0.0	0.109789975	Merger	179779900.0	100	35
136	752	443883	0.0	0.20340356	Merger	137734380.0	100	35
137	753	444759	0.0	0.42605808	Merger	104413544.0	100	35
138	754	445267	0.0	0.35209846	Merger	441520600.0	100	35
139	755	446709	0.0	0.15297753	Merger	249967000.0	100	35
140	756	447349	0.0	0.13143662	Merger	541054140.0	100	35
141	757	448195	0.0	0.13769893	Merger	213598500.0	100	35
142	758	450145	0.0	0.19585846	Merger	515568200.0	100	35
143	759	451864	0.0	0.8415289	Merger	247121000.0	100	35
144	760	452110	0.0	1.3205656	Merger	84171250.0	100	35
145	761	452421	0.0	0.113130584	Merger	398911900.0	100	35
146	762	454196	0.0	0.23956616	Merger	256673180.0	100	35
147	763	455378	0.0	1.4958761	Merger	367295550.0	100	35
148	764	456297	0.0	0.23775151	Merger	352061150.0	100	35
149	765	456491	0.0	0.1972215	Merger	348131800.0	100	35
150	766	456980	0.0	0.3276505	Merger	114121160.0	100	35
151	767	457779	0.0	0.24002773	Merger	351590080.0	100	35
152	768	458544	0.0	0.13642624	Merger	508781470.0	100	35
153	769	462035	0.0	0.12113673	Merger	370814720.0	100	35
154	770	464560	0.0	1.7960953	Merger	87103570.0	100	35
155	771	464851	0.0	0.45441496	Merger	227402600.0	100	35
156	772	465048	0.0	0.20159659	Merger	116742696.0	100	35
157	773	466560	0.0	0.161686	Merger	214633140.0	100	35
158	774	467045	0.0	0.18899526	Merger	215737730.0	100	35
159	775	467340	0.0	0.48754022	Merger	345795200.0	100	35
160	776	467853	0.0	0.10085279	Merger	211846140.0	100	35
161	777	468734	0.0	0.1580171	Merger	99705470.0	100	35
162	778	469463	0.0	0.16468039	Merger	278723100.0	100	35
163	779	469916	0.0	0.29843396	Merger	236909460.0	100	35
164	780	471135	0.0	1.0149189	Merger	196296220.0	100	35
165	781	471578	0.0	0.2994308	Merger	233181200.0	100	35
166	782	471735	0.0	0.47068813	Merger	136707860.0	100	35
167	783	474302	0.0	0.12792113	Merger	483293630.0	100	35
168	784	475456	0.0	0.105614565	Merger	161784300.0	100	35
169	785	476289	0.0	1.0199696	Merger	127321384.0	100	35
170	786	476784	0.0	0.12968355	Merger	244602020.0	100	35
171	787	480318	0.0	0.26116782	Merger	209964240.0	100	35
172	788	480478	0.0	0.121555544	Merger	175240930.0	100	35
173	789	483141	0.0	0.14208595	Merger	234936100.0	100	35
174	790	483588	0.0	0.13622203	Merger	121162630.0	100	35
175	791	485860	0.0	0.11419779	Merger	90510070.0	100	35
176	792	487524	0.0	0.10229888	Merger	304521000.0	100	35
177	793	487987	0.0	0.117403045	Merger	121779410.0	100	35
178	794	488144	0.0	0.11143748	Merger	188343330.0	100	35
179	795	492356	0.0	0.1417684	Merger	135230350.0	100	35
180	796	498084	0.0	0.1437602	Merger	157668960.0	100	35
181	797	498350	0.0	0.15297015	Merger	142817570.0	100	35
182	798	498905	0.0	0.32219878	Merger	464854370.0	100	35
183	799	499314	0.0	0.17787603	Merger	187431780.0	100	35
184	800	500227	0.0	0.15576583	Merger	285684860.0	100	35
185	801	503363	0.0	0.17874995	Merger	87640056.0	100	35
186	802	507925	0.0	0.12860051	Merger	106443800.0	100	35
187	803	510072	0.0	0.21687643	Merger	125505110.0	100	35
188	804	510153	0.0	1.4620683	Merger	100952760.0	100	35
189	805	511792	0.0	0.8393912	Merger	125252490.0	100	35
190	806	514103	0.0	0.16471206	Merger	169533890.0	100	35
191	807	520655	0.0	0.44143447	Merger	118444260.0	100	35
192	808	520865	0.0	0.21268259	Merger	95419660.0	100	35
193	809	524068	0.0	0.2108642	Merger	121085176.0	100	35
194	810	531478	0.0	0.394141	Merger	88946820.0	100	35
195	811	534335	0.0	0.22894207	Merger	107471784.0	100	35
196	812	545972	0.0	0.12683439	Merger	109404590.0	100	35
197	813	551897	0.0	0.17100377	Merger	95528970.0	100	35
198	814	554105	0.0	0.32274684	Merger	149604450.0	100	35
199	815	555847	0.0	0.36075452	Merger	89751920.0	100	35
200	816	560657	0.0	0.26558986	Merger	87495460.0	100	35
201	817	560737	0.0	0.41434026	Merger	88617260.0	100	35
202	818	565963	0.0	0.12297024	Merger	92591650.0	100	35
203	819	570890	0.0	0.32647422	Merger	87576776.0	100	35
204	820	575851	0.0	0.23623867	Merger	95615940.0	100	35
205	821	579057	0.0	0.14765795	Merger	84852504.0	100	35
206	822	594706	0.0	0.11237159	Merger	117202550.0	100	35
207	823	595334	0.0	0.20586552	Merger	85356540.0	100	35
208	824	623799	0.0	0.269607	Merger	89144376.0	100	35
209	886	200003	-0.151343176968135	0.23731615	first_progenitor	1035577300.0	1	35
210	986	381717	-0.151343176968135	0.38156787	first_progenitor	930340160.0	1	35
211	1019	423802	-0.151343176968135	0.16502437	first_progenitor	92420264.0	1	35
212	1063	450363	-0.151343176968135	0.22397612	first_progenitor	666179600.0	1	35
