Subfind_ID	t-t_merg	q	Type	mass
20	0.30839086000000115	0.183354	Descendant	2553591000.0
27	0.30839086000000115	2.5923238	Descendant	261146740.0
8068	0.30839086000000115	0.310984	Descendant	0.0
8090	0.30839086000000115	0.19397895	Descendant	0.0
21563	0.30839086000000115	0.22578448	Descendant	0.0
29444	0.30839086000000115	0.1925584	Descendant	0.0
48457	0.30839086000000115	0.36582932	Descendant	399747.53
48459	0.30839086000000115	0.19369294	Descendant	0.0
55106	0.30839086000000115	0.13038121	Descendant	0.0
59079	0.30839086000000115	0.21953592	Descendant	0.0
66743	0.30839086000000115	0.24509399	Descendant	0.0
68184	0.30839086000000115	0.282336	Descendant	40814.453
69828	0.30839086000000115	0.2399242	Descendant	0.0
71132	0.30839086000000115	0.18384019	Descendant	0.0
82446	0.30839086000000115	0.42318875	Descendant	0.0
85522	0.30839086000000115	0.22999746	Descendant	0.0
87691	0.30839086000000115	0.23936453	Descendant	0.0
94857	0.30839086000000115	0.30651245	Descendant	0.0
105301	0.30839086000000115	0.2754903	Descendant	0.0
111577	0.30839086000000115	0.17728189	Descendant	0.0
119504	0.30839086000000115	0.1296568	Descendant	0.0
119507	0.30839086000000115	0.7734311	Descendant	0.0
120107	0.30839086000000115	1.5062135	Descendant	0.0
122300	0.30839086000000115	0.1783483	Descendant	0.0
125113	0.30839086000000115	0.14074467	Descendant	0.0
126354	0.30839086000000115	0.25933096	Descendant	0.0
129662	0.30839086000000115	0.13863881	Descendant	0.0
145922	0.30839086000000115	1.3816957	Descendant	0.0
148320	0.30839086000000115	0.44218352	Descendant	0.0
151599	0.30839086000000115	0.50611436	Descendant	0.0
153320	0.30839086000000115	0.20717119	Descendant	44433.848
158966	0.30839086000000115	0.1404468	Descendant	0.0
161983	0.30839086000000115	0.25484443	Descendant	0.0
164892	0.30839086000000115	0.14074925	Descendant	0.0
168191	0.30839086000000115	0.2848929	Descendant	43774.934
169206	0.30839086000000115	0.2856785	Descendant	144960.88
169625	0.30839086000000115	0.3151999	Descendant	0.0
176757	0.30839086000000115	0.14915542	Descendant	0.0
178695	0.30839086000000115	0.13213105	Descendant	0.0
179393	0.30839086000000115	0.14695553	Descendant	0.0
180361	0.30839086000000115	0.38702962	Descendant	0.0
188284	0.30839086000000115	0.14838468	Descendant	0.0
200774	0.30839086000000115	1.0340893	Descendant	0.0
206284	0.30839086000000115	1.1844715	Descendant	76999.69
209935	0.30839086000000115	0.12285875	Descendant	0.0
210389	0.30839086000000115	0.2344896	Descendant	0.0
212131	0.30839086000000115	1.1635433	Descendant	0.0
215924	0.30839086000000115	0.24267854	Descendant	52498.594
217997	0.30839086000000115	0.5872375	Descendant	0.0
229275	0.30839086000000115	0.110928215	Descendant	0.0
229734	0.30839086000000115	0.32699516	Descendant	27857438.0
230484	0.30839086000000115	0.17033045	Descendant	0.0
231666	0.30839086000000115	0.14106478	Descendant	0.0
234374	0.30839086000000115	0.26325312	Descendant	0.0
238261	0.30839086000000115	0.11402897	Descendant	54094.117
243700	0.30839086000000115	0.13390994	Descendant	0.0
251891	0.30839086000000115	0.24044417	Descendant	0.0
256140	0.30839086000000115	0.43474346	Descendant	100559.75
256747	0.30839086000000115	0.13620834	Descendant	10496182.0
258026	0.30839086000000115	1.0562261	Descendant	0.0
258309	0.30839086000000115	0.16645703	Descendant	0.0
259354	0.30839086000000115	0.10987607	Descendant	534431.4
259355	0.30839086000000115	0.16792054	Descendant	320449.62
262435	0.30839086000000115	0.22699322	Descendant	0.0
266748	0.30839086000000115	0.14416501	Descendant	2377701.0
267800	0.30839086000000115	0.23333576	Descendant	0.0
272176	0.30839086000000115	0.16803542	Descendant	71503.23
273336	0.30839086000000115	0.16212425	Descendant	0.0
274183	0.30839086000000115	1.2426777	Descendant	0.0
278837	0.30839086000000115	0.18700086	Descendant	0.0
282412	0.30839086000000115	0.11149321	Descendant	0.0
284278	0.30839086000000115	0.9479822	Descendant	0.0
286328	0.30839086000000115	0.18583687	Descendant	0.0
290922	0.30839086000000115	0.35479626	Descendant	0.0
291600	0.30839086000000115	0.10449825	Descendant	288398.94
291749	0.30839086000000115	0.28566664	Descendant	0.0
295666	0.30839086000000115	0.10216534	Descendant	0.0
297629	0.30839086000000115	0.6689146	Descendant	0.0
299057	0.30839086000000115	0.12411145	Descendant	0.0
299667	0.30839086000000115	0.15788849	Descendant	0.0
302851	0.30839086000000115	0.14561288	Descendant	0.0
307537	0.30839086000000115	0.175982	Descendant	0.0
310894	0.30839086000000115	0.10178916	Descendant	0.0
316373	0.30839086000000115	0.75997967	Descendant	0.0
317491	0.30839086000000115	0.13750163	Descendant	0.0
319119	0.30839086000000115	1.1903871	Descendant	0.0
319790	0.30839086000000115	0.102141276	Descendant	0.0
320414	0.30839086000000115	0.18781318	Descendant	0.0
322899	0.30839086000000115	0.14467236	Descendant	0.0
323788	0.30839086000000115	0.119749576	Descendant	0.0
327217	0.30839086000000115	1.467558	Descendant	136420.38
333792	0.30839086000000115	0.586604	Descendant	0.0
336761	0.30839086000000115	0.26440066	Descendant	0.0
340783	0.30839086000000115	0.10874314	Descendant	0.0
341374	0.30839086000000115	0.83091587	Descendant	44820.95
343391	0.30839086000000115	0.14282626	Descendant	66407.56
348466	0.30839086000000115	0.13570364	Descendant	0.0
348667	0.30839086000000115	0.44679096	Descendant	0.0
349135	0.30839086000000115	0.24772608	Descendant	70649.66
350196	0.30839086000000115	0.12619734	Descendant	37970.668
350570	0.30839086000000115	0.10466155	Descendant	0.0
351870	0.30839086000000115	0.12494929	Descendant	0.0
352406	0.30839086000000115	1.9989159	Descendant	0.0
352800	0.30839086000000115	0.18206626	Descendant	0.0
354362	0.30839086000000115	0.3310529	Descendant	0.0
357957	0.30839086000000115	0.56713563	Descendant	0.0
360456	0.30839086000000115	0.11294712	Descendant	0.0
361995	0.30839086000000115	0.6128227	Descendant	0.0
362215	0.30839086000000115	0.12085934	Descendant	0.0
364206	0.30839086000000115	0.12521581	Descendant	0.0
365055	0.30839086000000115	1.2226855	Descendant	0.0
370775	0.30839086000000115	0.123109736	Descendant	0.0
372666	0.30839086000000115	0.19167864	Descendant	0.0
374845	0.30839086000000115	0.2133994	Descendant	0.0
378608	0.30839086000000115	0.47876996	Descendant	0.0
378752	0.30839086000000115	0.41477484	Descendant	0.0
387772	0.30839086000000115	1.1311287	Descendant	0.0
388646	0.30839086000000115	0.16312453	Descendant	0.0
391931	0.30839086000000115	0.18506324	Descendant	0.0
393378	0.30839086000000115	0.12599242	Descendant	0.0
394379	0.30839086000000115	1.1665978	Descendant	0.0
394567	0.30839086000000115	0.1767792	Descendant	0.0
398126	0.30839086000000115	0.7415467	Descendant	0.0
404643	0.30839086000000115	0.16151853	Descendant	0.0
405877	0.30839086000000115	0.12647326	Descendant	0.0
407871	0.30839086000000115	0.92183626	Descendant	0.0
411628	0.30839086000000115	0.14875247	Descendant	0.0
412834	0.30839086000000115	0.103820585	Descendant	0.0
418985	0.30839086000000115	0.25832623	Descendant	0.0
421137	0.30839086000000115	0.18507104	Descendant	0.0
422871	0.30839086000000115	0.12901464	Descendant	0.0
423648	0.30839086000000115	0.5098997	Descendant	0.0
423782	0.30839086000000115	0.2690229	Descendant	0.0
424214	0.30839086000000115	0.44573113	Descendant	0.0
425355	0.30839086000000115	0.18483147	Descendant	0.0
425427	0.30839086000000115	0.75617266	Descendant	0.0
425670	0.30839086000000115	0.27006724	Descendant	0.0
426885	0.30839086000000115	0.47449666	Descendant	0.0
428203	0.30839086000000115	1.9765972	Descendant	0.0
428775	0.30839086000000115	0.30767465	Descendant	0.0
428925	0.30839086000000115	0.22290121	Descendant	47134.344
429424	0.30839086000000115	0.10408568	Descendant	56417.426
431013	0.30839086000000115	0.12526108	Descendant	0.0
431193	0.30839086000000115	0.11898628	Descendant	0.0
433552	0.30839086000000115	0.17263141	Descendant	0.0
437856	0.30839086000000115	0.103658766	Descendant	54447.453
438593	0.30839086000000115	0.12435969	Descendant	305298.44
440680	0.30839086000000115	0.30050334	Descendant	0.0
441128	0.30839086000000115	0.16057646	Descendant	0.0
443447	0.30839086000000115	0.23064706	Descendant	0.0
446030	0.30839086000000115	0.10704968	Descendant	47868.855
447253	0.30839086000000115	0.31437954	Descendant	65008.668
447677	0.30839086000000115	1.1965976	Descendant	0.0
448604	0.30839086000000115	0.17932661	Descendant	0.0
448916	0.30839086000000115	0.24392392	Descendant	0.0
449652	0.30839086000000115	0.11502186	Descendant	49789.14
450685	0.30839086000000115	1.2867609	Descendant	236022320.0
451447	0.30839086000000115	0.7963603	Descendant	0.0
451667	0.30839086000000115	0.9215164	Descendant	152405.7
454111	0.30839086000000115	2.1284635	Descendant	0.0
456489	0.30839086000000115	0.19116306	Descendant	0.0
456575	0.30839086000000115	0.17265548	Descendant	0.0
456755	0.30839086000000115	0.2553889	Descendant	0.0
460030	0.30839086000000115	0.22884212	Descendant	157901.22
460753	0.30839086000000115	0.102415845	Descendant	0.0
463736	0.30839086000000115	0.10116274	Descendant	0.0
464869	0.30839086000000115	1.6989132	Descendant	0.0
464999	0.30839086000000115	0.9798844	Descendant	0.0
466057	0.30839086000000115	0.25351366	Descendant	0.0
469509	0.30839086000000115	0.19611682	Descendant	0.0
469571	0.30839086000000115	0.45821682	Descendant	0.0
472456	0.30839086000000115	0.5917392	Descendant	0.0
472739	0.30839086000000115	0.207539	Descendant	0.0
473405	0.30839086000000115	2.314364	Descendant	0.0
474573	0.30839086000000115	0.55579865	Descendant	0.0
475004	0.30839086000000115	0.22781782	Descendant	0.0
475423	0.30839086000000115	0.13625574	Descendant	87143.84
476080	0.30839086000000115	1.1965895	Descendant	1124010.6
478038	0.30839086000000115	0.7039674	Descendant	0.0
479057	0.30839086000000115	0.8532668	Descendant	0.0
480344	0.30839086000000115	0.2457067	Descendant	0.0
483819	0.30839086000000115	0.2231116	Descendant	0.0
484763	0.30839086000000115	1.3649352	Descendant	0.0
484909	0.30839086000000115	0.26096204	Descendant	0.0
485700	0.30839086000000115	0.15620625	Descendant	0.0
486990	0.30839086000000115	0.2163539	Descendant	0.0
489548	0.30839086000000115	0.24900208	Descendant	0.0
492509	0.30839086000000115	0.35441265	Descendant	0.0
492687	0.30839086000000115	0.18195209	Descendant	0.0
495693	0.30839086000000115	0.14856936	Descendant	0.0
496536	0.30839086000000115	0.7260662	Descendant	0.0
502113	0.30839086000000115	0.6234395	Descendant	0.0
502652	0.30839086000000115	0.22936103	Descendant	0.0
505479	0.30839086000000115	1.5632455	Descendant	0.0
508455	0.30839086000000115	0.13038167	Descendant	0.0
511478	0.30839086000000115	0.352618	Descendant	0.0
515104	0.30839086000000115	0.16675024	Descendant	0.0
519495	0.30839086000000115	0.14281218	Descendant	0.0
527372	0.30839086000000115	0.31060508	Descendant	81661.445
528155	0.30839086000000115	0.4780471	Descendant	1046179.9
532879	0.30839086000000115	0.116806924	Descendant	0.0
535907	0.30839086000000115	0.4193254	Descendant	0.0
536442	0.30839086000000115	1.0067786	Descendant	0.0
557331	0.30839086000000115	0.2383965	Descendant	0.0
557787	0.30839086000000115	0.104974225	Descendant	0.0
560945	0.30839086000000115	0.29841065	Descendant	0.0
595531	0.30839086000000115	0.10382701	Descendant	0.0
