Subfind_ID	t-t_merg	q	Type	mass
0	-0.46388417000000004	0.37458843	first_progenitor	438665700000.0
2	-0.46388417000000004	0.37458843	next_progenitor	102421080000.0
405436	-0.46388417000000004	0.34018356	first_progenitor	0.0
405438	-0.46388417000000004	0.34018356	next_progenitor	0.0
162754	-0.46388417000000004	0.32207277	first_progenitor	0.0
162768	-0.46388417000000004	0.32207277	next_progenitor	0.0
19559	-0.46388417000000004	0.17038518	first_progenitor	0.0
19562	-0.46388417000000004	0.17038518	next_progenitor	0.0
43722	-0.46388417000000004	0.15044205	first_progenitor	237278.7
43725	-0.46388417000000004	0.15044205	next_progenitor	0.0
209639	-0.46388417000000004	0.14952385	first_progenitor	0.0
209643	-0.46388417000000004	0.14952385	next_progenitor	0.0
45667	-0.46388417000000004	0.28528813	first_progenitor	0.0
45670	-0.46388417000000004	0.28528813	next_progenitor	0.0
65300	-0.46388417000000004	0.79116577	first_progenitor	0.0
66240	-0.46388417000000004	0.79116577	next_progenitor	0.0
63773	-0.46388417000000004	1.4755234	first_progenitor	0.0
63765	-0.46388417000000004	1.4755234	next_progenitor	0.0
119097	-0.46388417000000004	0.11481022	first_progenitor	75823.25
119098	-0.46388417000000004	0.11481022	next_progenitor	0.0
84725	-0.46388417000000004	0.16349882	first_progenitor	0.0
84728	-0.46388417000000004	0.16349882	next_progenitor	0.0
253646	-0.46388417000000004	0.10022584	first_progenitor	0.0
253680	-0.46388417000000004	0.10022584	next_progenitor	81125.14
999	-0.46388417000000004	0.13826129	first_progenitor	468948.56
999	-0.46388417000000004	0.13826129	next_progenitor	468948.56
88637	-0.46388417000000004	0.19776657	first_progenitor	0.0
88639	-0.46388417000000004	0.19776657	next_progenitor	0.0
99745	-0.46388417000000004	0.10940961	first_progenitor	11476120.0
99746	-0.46388417000000004	0.10940961	next_progenitor	115973976.0
152625	-0.46388417000000004	0.35850498	first_progenitor	0.0
145195	-0.46388417000000004	0.35850498	next_progenitor	0.0
114495	-0.46388417000000004	0.23284575	first_progenitor	0.0
114496	-0.46388417000000004	0.23284575	next_progenitor	0.0
131487	-0.46388417000000004	0.51231086	first_progenitor	0.0
131488	-0.46388417000000004	0.51231086	next_progenitor	0.0
271404	-0.46388417000000004	0.28408504	first_progenitor	338086.78
265440	-0.46388417000000004	0.28408504	next_progenitor	45223.016
109827	-0.46388417000000004	0.2350105	first_progenitor	0.0
109826	-0.46388417000000004	0.2350105	next_progenitor	0.0
999	-0.46388417000000004	1.1384587	first_progenitor	468948.56
999	-0.46388417000000004	1.1384587	next_progenitor	468948.56
154517	-0.46388417000000004	0.71035904	first_progenitor	0.0
154515	-0.46388417000000004	0.71035904	next_progenitor	0.0
127725	-0.46388417000000004	0.40673757	first_progenitor	0.0
127726	-0.46388417000000004	0.40673757	next_progenitor	0.0
139045	-0.46388417000000004	0.11517678	first_progenitor	0.0
139062	-0.46388417000000004	0.11517678	next_progenitor	0.0
145774	-0.46388417000000004	0.13532148	first_progenitor	0.0
145775	-0.46388417000000004	0.13532148	next_progenitor	373601.88
158465	-0.46388417000000004	0.10281688	first_progenitor	0.0
158467	-0.46388417000000004	0.10281688	next_progenitor	0.0
227247	-0.46388417000000004	0.5934896	first_progenitor	45713.152
227248	-0.46388417000000004	0.5934896	next_progenitor	61032.78
219350	-0.46388417000000004	0.512824	first_progenitor	227959.55
219356	-0.46388417000000004	0.512824	next_progenitor	0.0
180334	-0.46388417000000004	0.1673572	first_progenitor	0.0
180336	-0.46388417000000004	0.1673572	next_progenitor	0.0
170100	-0.46388417000000004	0.48222736	first_progenitor	0.0
158048	-0.46388417000000004	0.48222736	next_progenitor	0.0
211583	-0.46388417000000004	0.45973173	first_progenitor	62889.97
201939	-0.46388417000000004	0.45973173	next_progenitor	0.0
179499	-0.46388417000000004	0.15183733	first_progenitor	154332.8
179500	-0.46388417000000004	0.15183733	next_progenitor	0.0
192707	-0.46388417000000004	0.16522978	first_progenitor	0.0
192708	-0.46388417000000004	0.16522978	next_progenitor	0.0
177509	-0.46388417000000004	0.17076163	first_progenitor	0.0
177513	-0.46388417000000004	0.17076163	next_progenitor	0.0
349253	-0.46388417000000004	0.18109947	first_progenitor	0.0
349256	-0.46388417000000004	0.18109947	next_progenitor	0.0
237670	-0.46388417000000004	0.17104904	first_progenitor	0.0
237678	-0.46388417000000004	0.17104904	next_progenitor	0.0
226302	-0.46388417000000004	0.23642708	first_progenitor	0.0
226303	-0.46388417000000004	0.23642708	next_progenitor	0.0
202569	-0.46388417000000004	0.36968464	first_progenitor	0.0
202582	-0.46388417000000004	0.36968464	next_progenitor	0.0
199570	-0.46388417000000004	0.1610646	first_progenitor	0.0
199571	-0.46388417000000004	0.1610646	next_progenitor	0.0
220827	-0.46388417000000004	0.4413564	first_progenitor	0.0
220841	-0.46388417000000004	0.4413564	next_progenitor	0.0
220848	-0.46388417000000004	1.2781721	first_progenitor	0.0
230550	-0.46388417000000004	1.2781721	next_progenitor	69943.875
195321	-0.46388417000000004	0.11731507	first_progenitor	0.0
195322	-0.46388417000000004	0.11731507	next_progenitor	0.0
213508	-0.46388417000000004	0.14598647	first_progenitor	0.0
213514	-0.46388417000000004	0.14598647	next_progenitor	0.0
243506	-0.46388417000000004	0.41124648	first_progenitor	0.0
243505	-0.46388417000000004	0.41124648	next_progenitor	0.0
213337	-0.46388417000000004	0.10121432	first_progenitor	0.0
213338	-0.46388417000000004	0.10121432	next_progenitor	0.0
225102	-0.46388417000000004	0.14302804	first_progenitor	0.0
225105	-0.46388417000000004	0.14302804	next_progenitor	0.0
398988	-0.46388417000000004	0.16744363	first_progenitor	42474.47
398989	-0.46388417000000004	0.16744363	next_progenitor	0.0
217644	-0.46388417000000004	0.92162585	first_progenitor	0.0
217675	-0.46388417000000004	0.92162585	next_progenitor	35244416.0
232484	-0.46388417000000004	0.4490709	first_progenitor	0.0
232482	-0.46388417000000004	0.4490709	next_progenitor	0.0
231150	-0.46388417000000004	0.12646122	first_progenitor	0.0
231151	-0.46388417000000004	0.12646122	next_progenitor	0.0
245329	-0.46388417000000004	0.14725812	first_progenitor	0.0
245334	-0.46388417000000004	0.14725812	next_progenitor	0.0
505005	-0.46388417000000004	0.16522798	first_progenitor	0.0
492551	-0.46388417000000004	0.16522798	next_progenitor	0.0
257089	-0.46388417000000004	0.21033636	first_progenitor	0.0
257091	-0.46388417000000004	0.21033636	next_progenitor	0.0
262475	-0.46388417000000004	0.23106281	first_progenitor	0.0
262477	-0.46388417000000004	0.23106281	next_progenitor	0.0
277688	-0.46388417000000004	0.14372924	first_progenitor	0.0
277691	-0.46388417000000004	0.14372924	next_progenitor	64874.47
439631	-0.46388417000000004	0.17843583	first_progenitor	0.0
439632	-0.46388417000000004	0.17843583	next_progenitor	0.0
444239	-0.46388417000000004	0.14534809	first_progenitor	0.0
444241	-0.46388417000000004	0.14534809	next_progenitor	0.0
258414	-0.46388417000000004	1.068364	first_progenitor	0.0
247629	-0.46388417000000004	1.068364	next_progenitor	0.0
274519	-0.46388417000000004	0.17595556	first_progenitor	0.0
274520	-0.46388417000000004	0.17595556	next_progenitor	0.0
275169	-0.46388417000000004	0.15854296	first_progenitor	0.0
275173	-0.46388417000000004	0.15854296	next_progenitor	0.0
264225	-0.46388417000000004	1.3893598	first_progenitor	0.0
252827	-0.46388417000000004	1.3893598	next_progenitor	0.0
281270	-0.46388417000000004	0.19591387	first_progenitor	0.0
281274	-0.46388417000000004	0.19591387	next_progenitor	0.0
284729	-0.46388417000000004	0.18232292	first_progenitor	0.0
284736	-0.46388417000000004	0.18232292	next_progenitor	0.0
275777	-0.46388417000000004	0.7959344	first_progenitor	0.0
275775	-0.46388417000000004	0.7959344	next_progenitor	0.0
489164	-0.46388417000000004	0.18116082	first_progenitor	0.0
489165	-0.46388417000000004	0.18116082	next_progenitor	0.0
292446	-0.46388417000000004	0.16692533	first_progenitor	0.0
292448	-0.46388417000000004	0.16692533	next_progenitor	0.0
333625	-0.46388417000000004	0.73284715	first_progenitor	0.0
323925	-0.46388417000000004	0.73284715	next_progenitor	0.0
286741	-0.46388417000000004	0.36869174	first_progenitor	0.0
274546	-0.46388417000000004	0.36869174	next_progenitor	0.0
424650	-0.46388417000000004	0.17423405	first_progenitor	819770.8
424656	-0.46388417000000004	0.17423405	next_progenitor	0.0
263635	-0.46388417000000004	0.5210232	first_progenitor	0.0
263636	-0.46388417000000004	0.5210232	next_progenitor	0.0
281406	-0.46388417000000004	0.14976256	first_progenitor	0.0
281408	-0.46388417000000004	0.14976256	next_progenitor	49712.47
391007	-0.46388417000000004	0.88277745	first_progenitor	701989570.0
347820	-0.46388417000000004	0.88277745	next_progenitor	708778.25
292148	-0.46388417000000004	0.9436588	first_progenitor	2100333.0
274111	-0.46388417000000004	0.9436588	next_progenitor	562278.8
355845	-0.46388417000000004	0.14622234	first_progenitor	0.0
355853	-0.46388417000000004	0.14622234	next_progenitor	1450884.5
296818	-0.46388417000000004	0.77554756	first_progenitor	0.0
282130	-0.46388417000000004	0.77554756	next_progenitor	0.0
302863	-0.46388417000000004	0.29483548	first_progenitor	39084.426
302864	-0.46388417000000004	0.29483548	next_progenitor	404671.22
315687	-0.46388417000000004	1.752773	first_progenitor	61331.285
304335	-0.46388417000000004	1.752773	next_progenitor	0.0
496001	-0.46388417000000004	0.6548894	first_progenitor	38389230.0
496003	-0.46388417000000004	0.6548894	next_progenitor	49220.082
293997	-0.46388417000000004	0.60022646	first_progenitor	0.0
294068	-0.46388417000000004	0.60022646	next_progenitor	8590863.0
287600	-0.46388417000000004	1.747621	first_progenitor	0.0
314749	-0.46388417000000004	1.747621	next_progenitor	5181574.5
344172	-0.46388417000000004	0.28490308	first_progenitor	0.0
344176	-0.46388417000000004	0.28490308	next_progenitor	2564005.5
320370	-0.46388417000000004	0.21680269	first_progenitor	0.0
320371	-0.46388417000000004	0.21680269	next_progenitor	0.0
408499	-0.46388417000000004	1.2821804	first_progenitor	0.0
408501	-0.46388417000000004	1.2821804	next_progenitor	0.0
343339	-0.46388417000000004	0.46640602	first_progenitor	0.0
343341	-0.46388417000000004	0.46640602	next_progenitor	0.0
344328	-0.46388417000000004	0.12369972	first_progenitor	3685809.8
344331	-0.46388417000000004	0.12369972	next_progenitor	167938.27
320762	-0.46388417000000004	0.22152501	first_progenitor	0.0
320765	-0.46388417000000004	0.22152501	next_progenitor	745994.5
360244	-0.46388417000000004	1.3126153	first_progenitor	0.0
360246	-0.46388417000000004	1.3126153	next_progenitor	0.0
326301	-0.46388417000000004	0.68325406	first_progenitor	0.0
326297	-0.46388417000000004	0.68325406	next_progenitor	0.0
337978	-0.46388417000000004	0.15894416	first_progenitor	0.0
337985	-0.46388417000000004	0.15894416	next_progenitor	0.0
329410	-0.46388417000000004	0.42148542	first_progenitor	0.0
329412	-0.46388417000000004	0.42148542	next_progenitor	0.0
415991	-0.46388417000000004	0.1099587	first_progenitor	36130.69
415993	-0.46388417000000004	0.1099587	next_progenitor	192823.2
379949	-0.46388417000000004	0.1929388	first_progenitor	0.0
379953	-0.46388417000000004	0.1929388	next_progenitor	0.0
329216	-0.46388417000000004	0.110137396	first_progenitor	0.0
329218	-0.46388417000000004	0.110137396	next_progenitor	0.0
329970	-0.46388417000000004	0.10691452	first_progenitor	0.0
329984	-0.46388417000000004	0.10691452	next_progenitor	0.0
347556	-0.46388417000000004	0.11472936	first_progenitor	0.0
347558	-0.46388417000000004	0.11472936	next_progenitor	0.0
339820	-0.46388417000000004	0.1840695	first_progenitor	0.0
339822	-0.46388417000000004	0.1840695	next_progenitor	0.0
342282	-0.46388417000000004	0.30850124	first_progenitor	0.0
342284	-0.46388417000000004	0.30850124	next_progenitor	371500.62
383956	-0.46388417000000004	0.10993285	first_progenitor	0.0
383958	-0.46388417000000004	0.10993285	next_progenitor	0.0
403692	-0.46388417000000004	0.1370135	first_progenitor	0.0
403693	-0.46388417000000004	0.1370135	next_progenitor	148338.16
375169	-0.46388417000000004	0.5260458	first_progenitor	0.0
375170	-0.46388417000000004	0.5260458	next_progenitor	0.0
334649	-0.46388417000000004	0.4408066	first_progenitor	0.0
334651	-0.46388417000000004	0.4408066	next_progenitor	0.0
424487	-0.46388417000000004	0.34671345	first_progenitor	0.0
424489	-0.46388417000000004	0.34671345	next_progenitor	0.0
327186	-0.46388417000000004	0.13520674	first_progenitor	260095140.0
327187	-0.46388417000000004	0.13520674	next_progenitor	247683230.0
343145	-0.46388417000000004	0.85699826	first_progenitor	0.0
356376	-0.46388417000000004	0.85699826	next_progenitor	0.0
462855	-0.46388417000000004	0.22551298	first_progenitor	0.0
462858	-0.46388417000000004	0.22551298	next_progenitor	0.0
389862	-0.46388417000000004	0.14295623	first_progenitor	0.0
389868	-0.46388417000000004	0.14295623	next_progenitor	0.0
360492	-0.46388417000000004	0.18078904	first_progenitor	841010.94
334335	-0.46388417000000004	0.18078904	next_progenitor	0.0
360693	-0.46388417000000004	0.39652184	first_progenitor	0.0
407856	-0.46388417000000004	0.39652184	next_progenitor	0.0
396582	-0.46388417000000004	0.19719264	first_progenitor	0.0
382090	-0.46388417000000004	0.19719264	next_progenitor	0.0
367542	-0.46388417000000004	0.39721748	first_progenitor	0.0
358100	-0.46388417000000004	0.39721748	next_progenitor	0.0
349845	-0.46388417000000004	1.8475528	first_progenitor	0.0
335808	-0.46388417000000004	1.8475528	next_progenitor	52255.777
346981	-0.46388417000000004	0.22768442	first_progenitor	0.0
334020	-0.46388417000000004	0.22768442	next_progenitor	0.0
360059	-0.46388417000000004	0.14899278	first_progenitor	0.0
360060	-0.46388417000000004	0.14899278	next_progenitor	0.0
356813	-0.46388417000000004	0.12551561	first_progenitor	0.0
356814	-0.46388417000000004	0.12551561	next_progenitor	0.0
368511	-0.46388417000000004	0.11378792	first_progenitor	108718.055
353881	-0.46388417000000004	0.11378792	next_progenitor	57809.645
374022	-0.46388417000000004	0.57718396	first_progenitor	0.0
374023	-0.46388417000000004	0.57718396	next_progenitor	0.0
381641	-0.46388417000000004	0.24824455	first_progenitor	24341562.0
381643	-0.46388417000000004	0.24824455	next_progenitor	0.0
326660	-0.46388417000000004	0.11233509	first_progenitor	0.0
326666	-0.46388417000000004	0.11233509	next_progenitor	0.0
422767	-0.46388417000000004	0.47049782	first_progenitor	0.0
422768	-0.46388417000000004	0.47049782	next_progenitor	0.0
397233	-0.46388417000000004	0.38708296	first_progenitor	0.0
397234	-0.46388417000000004	0.38708296	next_progenitor	0.0
387150	-0.46388417000000004	0.22693893	first_progenitor	0.0
387152	-0.46388417000000004	0.22693893	next_progenitor	0.0
422029	-0.46388417000000004	0.20201823	first_progenitor	0.0
408756	-0.46388417000000004	0.20201823	next_progenitor	0.0
395289	-0.46388417000000004	0.10740344	first_progenitor	65793.76
395290	-0.46388417000000004	0.10740344	next_progenitor	0.0
384566	-0.46388417000000004	0.2644419	first_progenitor	0.0
357259	-0.46388417000000004	0.2644419	next_progenitor	0.0
430168	-0.46388417000000004	0.12548466	first_progenitor	51590.434
430169	-0.46388417000000004	0.12548466	next_progenitor	0.0
402866	-0.46388417000000004	0.28593865	first_progenitor	0.0
402868	-0.46388417000000004	0.28593865	next_progenitor	0.0
386028	-0.46388417000000004	0.18719152	first_progenitor	45789.965
369698	-0.46388417000000004	0.18719152	next_progenitor	0.0
410623	-0.46388417000000004	0.109789975	first_progenitor	0.0
410643	-0.46388417000000004	0.109789975	next_progenitor	402733220.0
443981	-0.46388417000000004	0.20340356	first_progenitor	0.0
443983	-0.46388417000000004	0.20340356	next_progenitor	0.0
393921	-0.46388417000000004	0.42605808	first_progenitor	0.0
393923	-0.46388417000000004	0.42605808	next_progenitor	0.0
399621	-0.46388417000000004	0.35209846	first_progenitor	0.0
399622	-0.46388417000000004	0.35209846	next_progenitor	231719570.0
409416	-0.46388417000000004	0.15297753	first_progenitor	0.0
409417	-0.46388417000000004	0.15297753	next_progenitor	0.0
396804	-0.46388417000000004	0.13143662	first_progenitor	130157.66
396805	-0.46388417000000004	0.13143662	next_progenitor	0.0
410397	-0.46388417000000004	0.13769893	first_progenitor	0.0
5386868	-0.46388417000000004	0.13769893	next_progenitor	0.0
407388	-0.46388417000000004	0.19585846	first_progenitor	0.0
407389	-0.46388417000000004	0.19585846	next_progenitor	0.0
411760	-0.46388417000000004	0.8415289	first_progenitor	0.0
411761	-0.46388417000000004	0.8415289	next_progenitor	0.0
480868	-0.46388417000000004	1.3205656	first_progenitor	41000.543
456997	-0.46388417000000004	1.3205656	next_progenitor	0.0
408457	-0.46388417000000004	0.113130584	first_progenitor	512079970.0
408458	-0.46388417000000004	0.113130584	next_progenitor	1277403.4
427761	-0.46388417000000004	0.23956616	first_progenitor	40278.312
414877	-0.46388417000000004	0.23956616	next_progenitor	139842.98
380106	-0.46388417000000004	1.4958761	first_progenitor	0.0
396294	-0.46388417000000004	1.4958761	next_progenitor	0.0
408629	-0.46388417000000004	0.23775151	first_progenitor	159636740.0
408630	-0.46388417000000004	0.23775151	next_progenitor	62065850.0
410973	-0.46388417000000004	0.1972215	first_progenitor	0.0
410975	-0.46388417000000004	0.1972215	next_progenitor	42101360.0
422310	-0.46388417000000004	0.3276505	first_progenitor	0.0
408810	-0.46388417000000004	0.3276505	next_progenitor	0.0
391066	-0.46388417000000004	0.24002773	first_progenitor	0.0
391068	-0.46388417000000004	0.24002773	next_progenitor	0.0
398562	-0.46388417000000004	0.13642624	first_progenitor	35775.258
398563	-0.46388417000000004	0.13642624	next_progenitor	0.0
406363	-0.46388417000000004	0.12113673	first_progenitor	0.0
390739	-0.46388417000000004	0.12113673	next_progenitor	0.0
446487	-0.46388417000000004	1.7960953	first_progenitor	0.0
446490	-0.46388417000000004	1.7960953	next_progenitor	0.0
417799	-0.46388417000000004	0.45441496	first_progenitor	616853.25
427648	-0.46388417000000004	0.45441496	next_progenitor	0.0
484215	-0.46388417000000004	0.20159659	first_progenitor	3696109.5
479904	-0.46388417000000004	0.20159659	next_progenitor	0.0
445260	-0.46388417000000004	0.161686	first_progenitor	0.0
445262	-0.46388417000000004	0.161686	next_progenitor	0.0
406606	-0.46388417000000004	0.18899526	first_progenitor	0.0
406608	-0.46388417000000004	0.18899526	next_progenitor	0.0
413199	-0.46388417000000004	0.48754022	first_progenitor	0.0
397616	-0.46388417000000004	0.48754022	next_progenitor	0.0
416721	-0.46388417000000004	0.10085279	first_progenitor	456901.66
416723	-0.46388417000000004	0.10085279	next_progenitor	201498.4
518990	-0.46388417000000004	0.1580171	first_progenitor	0.0
518991	-0.46388417000000004	0.1580171	next_progenitor	0.0
430940	-0.46388417000000004	0.16468039	first_progenitor	0.0
430941	-0.46388417000000004	0.16468039	next_progenitor	0.0
430633	-0.46388417000000004	0.29843396	first_progenitor	0.0
430634	-0.46388417000000004	0.29843396	next_progenitor	32520.56
437953	-0.46388417000000004	1.0149189	first_progenitor	0.0
5443940	-0.46388417000000004	1.0149189	next_progenitor	0.0
441609	-0.46388417000000004	0.2994308	first_progenitor	0.0
441610	-0.46388417000000004	0.2994308	next_progenitor	0.0
448462	-0.46388417000000004	0.47068813	first_progenitor	0.0
431658	-0.46388417000000004	0.47068813	next_progenitor	0.0
432710	-0.46388417000000004	0.12792113	first_progenitor	0.0
432711	-0.46388417000000004	0.12792113	next_progenitor	0.0
442871	-0.46388417000000004	0.105614565	first_progenitor	0.0
434900	-0.46388417000000004	0.105614565	next_progenitor	0.0
434914	-0.46388417000000004	1.0199696	first_progenitor	0.0
421494	-0.46388417000000004	1.0199696	next_progenitor	0.0
428977	-0.46388417000000004	0.12968355	first_progenitor	0.0
415396	-0.46388417000000004	0.12968355	next_progenitor	0.0
426077	-0.46388417000000004	0.26116782	first_progenitor	0.0
426084	-0.46388417000000004	0.26116782	next_progenitor	0.0
364904	-0.46388417000000004	0.121555544	first_progenitor	45887.516
387789	-0.46388417000000004	0.121555544	next_progenitor	0.0
436789	-0.46388417000000004	0.14208595	first_progenitor	0.0
419204	-0.46388417000000004	0.14208595	next_progenitor	0.0
451380	-0.46388417000000004	0.13622203	first_progenitor	0.0
479062	-0.46388417000000004	0.13622203	next_progenitor	186775820.0
441162	-0.46388417000000004	0.11419779	first_progenitor	0.0
441167	-0.46388417000000004	0.11419779	next_progenitor	192492.75
446080	-0.46388417000000004	0.10229888	first_progenitor	0.0
446082	-0.46388417000000004	0.10229888	next_progenitor	37886.086
437412	-0.46388417000000004	0.117403045	first_progenitor	0.0
437418	-0.46388417000000004	0.117403045	next_progenitor	0.0
462895	-0.46388417000000004	0.11143748	first_progenitor	20187778.0
462896	-0.46388417000000004	0.11143748	next_progenitor	9967727.0
527757	-0.46388417000000004	0.1417684	first_progenitor	0.0
527758	-0.46388417000000004	0.1417684	next_progenitor	0.0
449958	-0.46388417000000004	0.1437602	first_progenitor	11199970.0
438162	-0.46388417000000004	0.1437602	next_progenitor	0.0
440809	-0.46388417000000004	0.15297015	first_progenitor	630564.44
440811	-0.46388417000000004	0.15297015	next_progenitor	260211.52
441045	-0.46388417000000004	0.32219878	first_progenitor	0.0
425427	-0.46388417000000004	0.32219878	next_progenitor	292193.22
468323	-0.46388417000000004	0.17787603	first_progenitor	0.0
468325	-0.46388417000000004	0.17787603	next_progenitor	197731.95
461574	-0.46388417000000004	0.15576583	first_progenitor	0.0
461575	-0.46388417000000004	0.15576583	next_progenitor	107517.41
503739	-0.46388417000000004	0.17874995	first_progenitor	38821.75
503744	-0.46388417000000004	0.17874995	next_progenitor	384243.25
476453	-0.46388417000000004	0.12860051	first_progenitor	0.0
467911	-0.46388417000000004	0.12860051	next_progenitor	0.0
502141	-0.46388417000000004	0.21687643	first_progenitor	0.0
502142	-0.46388417000000004	0.21687643	next_progenitor	0.0
504435	-0.46388417000000004	1.4620683	first_progenitor	0.0
504433	-0.46388417000000004	1.4620683	next_progenitor	0.0
485067	-0.46388417000000004	0.8393912	first_progenitor	0.0
485066	-0.46388417000000004	0.8393912	next_progenitor	0.0
472518	-0.46388417000000004	0.16471206	first_progenitor	0.0
472519	-0.46388417000000004	0.16471206	next_progenitor	0.0
484355	-0.46388417000000004	0.44143447	first_progenitor	0.0
479614	-0.46388417000000004	0.44143447	next_progenitor	0.0
501515	-0.46388417000000004	0.21268259	first_progenitor	0.0
492145	-0.46388417000000004	0.21268259	next_progenitor	80582440.0
503615	-0.46388417000000004	0.2108642	first_progenitor	0.0
503616	-0.46388417000000004	0.2108642	next_progenitor	0.0
486151	-0.46388417000000004	0.394141	first_progenitor	0.0
486154	-0.46388417000000004	0.394141	next_progenitor	96058.65
496873	-0.46388417000000004	0.22894207	first_progenitor	0.0
496874	-0.46388417000000004	0.22894207	next_progenitor	0.0
490395	-0.46388417000000004	0.12683439	first_progenitor	44848.402
490397	-0.46388417000000004	0.12683439	next_progenitor	0.0
508520	-0.46388417000000004	0.17100377	first_progenitor	92490.09
508521	-0.46388417000000004	0.17100377	next_progenitor	129292.22
519256	-0.46388417000000004	0.32274684	first_progenitor	449411.8
498276	-0.46388417000000004	0.32274684	next_progenitor	46760.035
521155	-0.46388417000000004	0.36075452	first_progenitor	434132.72
507020	-0.46388417000000004	0.36075452	next_progenitor	0.0
510905	-0.46388417000000004	0.26558986	first_progenitor	0.0
500268	-0.46388417000000004	0.26558986	next_progenitor	0.0
512779	-0.46388417000000004	0.41434026	first_progenitor	511255.03
512781	-0.46388417000000004	0.41434026	next_progenitor	1499071.8
540369	-0.46388417000000004	0.12297024	first_progenitor	51423.58
534767	-0.46388417000000004	0.12297024	next_progenitor	0.0
530908	-0.46388417000000004	0.32647422	first_progenitor	0.0
530909	-0.46388417000000004	0.32647422	next_progenitor	0.0
531857	-0.46388417000000004	0.23623867	first_progenitor	1588091.1
531858	-0.46388417000000004	0.23623867	next_progenitor	183115.52
547234	-0.46388417000000004	0.14765795	first_progenitor	149740.42
547235	-0.46388417000000004	0.14765795	next_progenitor	0.0
530633	-0.46388417000000004	0.11237159	first_progenitor	197404020.0
530635	-0.46388417000000004	0.11237159	next_progenitor	547987.0
555676	-0.46388417000000004	0.20586552	first_progenitor	35734044.0
555677	-0.46388417000000004	0.20586552	next_progenitor	1198106.4
566502	-0.46388417000000004	0.269607	first_progenitor	0.0
566503	-0.46388417000000004	0.269607	next_progenitor	0.0
