	SubhaloID	Mass	SFR	num_mergers_in_last_2Gyr	N	r_1	r_2	matched_to_merger_subid	ngrows
6601	505142	107476056.0	0.055136383	0.0	0	19154.69427276534	19351.437895316023	99746	0
4746	413488	251671900.0	0.2713775	0.0	0	15972.145383155914	16130.179379230203	327187	0
1975	227950	707477570.0	0.73029894	0.0	0	8989.904315294954	9029.741042539366	391007	0
3640	351784	286563500.0	0.41956738	0.0	0	8648.758409971084	8758.091973437402	23	0
1709	204131	260438600.0	0.21969143	0.0	0	6537.590729924318	6570.14810764335	429403	0
1200	151856	17770970000.0	26.609964	0.0	0	16597.971907722233	16690.543454958803	7472	0
6500	499629	179065500.0	0.11779133	0.0	0	11025.387408515462	11068.936878215552	242270	0
1724	205258	598105500.0	0.67126834	0.0	0	18155.012595731296	18206.250695448674	299054	0
563	74502	264479800.0	0.04831261	0.0	0	12766.372659098697	12766.722121792016	415177	0
3574	347487	133913320.0	0.05603064	0.0	0	9681.512220880215	9812.673347527012	523932	0
7211	551167	103391320.0	0.025967402	0.0	0	4073.0432794401936	4082.686790973148	7510	0
841	112260	10400711000.0	13.870532	0.0	0	4970.876015710494	5052.186854284583	23895	0
7102	540551	104334776.0	0.077664785	0.0	0	11601.74200610822	11650.941074193499	33619	0
1027	131578	989852300.0	1.874738	0.0	0	17364.808619718533	17410.527567173005	33620	0
973	125832	1186791000.0	0.19076666	0.0	0	15889.763320817356	15923.250192330348	49484	0
2395	264158	693964300.0	0.32147476	0.0	0	9553.014121761453	9733.906685152879	58675	0
3343	332733	727211970.0	0.7116229	0.0	0	18074.893821388185	18264.547353622238	67208	0
861	114609	9029747000.0	6.6781216	0.0	0	15501.69109033068	15603.389967351697	72126	0
3938	369869	98461180.0	0.018874366	0.0	0	24328.539497416215	24547.390024966666	72128	0
1796	211912	11914210000.0	13.211174	0.0	0	17048.94230851907	17280.7537283205	77188	0
1422	176350	651053760.0	0.6114229	0.0	0	7261.6614897644995	7296.9371884192315	86396	0
1457	180354	28740706000.0	13.025922	0.0	0	15853.576638125696	15908.941093470801	90529	0
4911	422248	321381950.0	0.10009093	0.0	0	22358.57336825938	22550.046788902062	101643	0
484	63895	33316219000.0	34.963207	0.0	0	3005.582952811158	3140.07970617115	109134	0
2344	259707	161878740.0	0.14189434	0.0	0	17577.75698084975	17688.40209712973	120517	0
2686	286114	1833403600.0	2.243104	0.0	0	20631.453219025574	20822.152073137564	122952	0
5230	437494	182506050.0	0.18122518	0.0	0	15347.502757573895	15394.060872290822	126768	0
1692	202826	8441325600.0	14.005727	0.0	6	982.4326972452384	1042.3861197351218	141468	0
804	106718	3285435100.0	4.0085397	0.0	0	10260.372000602272	10389.145927878766	141469	0
5154	433652	470702900.0	0.19192655	0.0	0	19153.63304129215	19271.099053425958	145719	0
950	123540	19942107000.0	7.513175	0.0	0	11772.982128550388	12002.121127706756	149567	0
1279	161271	19333470000.0	13.562706	0.0	0	22671.033901300394	22872.00781712626	152191	0
891	117689	3382113000.0	1.2642435	0.0	0	10746.639900478523	10776.715454856867	156130	0
2010	231381	10383715000.0	8.494242	0.0	0	6711.69344167156	6802.677133229226	156673	0
7278	558197	103363920.0	0.037545092	0.0	0	19402.07447785216	19575.024024434333	170564	0
1802	212361	7509634000.0	6.584418	0.0	0	14769.032527124302	14798.938936736673	178059	0
2387	263647	5543030000.0	5.6451564	0.0	0	8033.177188261096	8176.221549182129	182022	0
6288	488617	144008480.0	0.07379458	0.0	0	18850.939691996893	19032.705872626157	189537	0
6851	520281	89787090.0	0.055015154	0.0	0	6956.466635538834	7049.622840702642	194136	0
291	36045	187466690.0	0.019278217	0.0	0	4414.133191855536	4606.41339783461	197476	0
2423	266660	3163401700.0	3.250878	0.0	0	5010.871467430716	5095.612887359527	199717	0
2753	291031	1836630700.0	1.6038386	0.0	0	15381.540730627656	15602.581336009824	205587	0
1425	176603	9660747000.0	7.479617	0.0	0	12442.396562516038	12565.869543436946	210167	0
2241	251661	5469718500.0	4.9564385	0.0	0	22048.068665426832	22191.389229355245	210788	0
3376	334953	707403300.0	0.42508504	0.0	0	8805.64150915252	8885.804176556821	214752	0
3244	326576	437913570.0	0.3665712	0.0	0	23239.570096276646	23435.21612149645	216814	0
1323	165396	107950130.0	0.012332495	0.0	0	14003.777547114702	14220.725298345122	230340	0
2858	298937	2703390500.0	2.5649314	0.0	0	20667.78354932359	20740.386756948075	232240	0
2405	265079	4260032800.0	3.21391	0.0	0	7895.050530271076	7923.163913171106	237449	0
2413	265709	3169143600.0	2.5830674	0.0	0	3516.2780758074814	3613.833806910852	241960	0
3801	361588	272990080.0	0.12245363	0.0	0	8515.973345185897	8551.669493563122	252058	0
3203	324356	372456350.0	0.13959149	0.0	0	15774.494509623059	15879.161017888637	252414	0
1627	196483	102619736.0	0.04319441	0.0	0	22152.549955269187	22215.193085210412	252576	0
2224	250022	2845806800.0	2.1083362	0.0	0	19439.9954329566	19536.52433071157	252746	0
2069	236598	3179609900.0	2.9172568	0.0	0	14427.906997963735	14491.639027235879	255446	0
4342	392374	463508000.0	0.30179724	0.0	0	5614.019787063493	5681.411420667417	256950	0
4100	379444	927029900.0	1.0388495	0.0	0	17873.280881169965	17988.578008086373	260928	0
4142	381409	221332620.0	0.15582223	0.0	0	17138.684874100538	17244.553452822252	263321	0
2875	300337	4138817500.0	3.6074097	0.0	0	20760.2761521654	20948.14089654334	265938	0
466	58682	1841780200.0	3.184268	0.0	0	3410.455895847911	3437.9647709074543	268825	0
3146	320085	885254700.0	0.6830055	0.0	0	18471.191568255155	18695.195900631214	272394	0
1014	129889	558972300.0	0.4717762	0.0	0	20928.508511525084	21002.056190470117	272532	0
5754	463175	162133580.0	0.36486983	0.0	0	8121.443632745531	8219.42775190767	279669	0
2191	247100	136755340.0	0.10611845	0.0	0	22495.490435389936	22627.633569574555	282040	0
1746	207489	574430800.0	0.31884062	0.0	0	17286.474049267686	17449.060877902324	282554	0
3284	329189	523514100.0	0.21118607	0.0	0	15142.498772089819	15166.87465267119	285723	0
1642	198013	118575700.0	0.10951363	0.0	0	19028.93878340156	19077.92506223979	286923	0
402	51522	2572792800.0	3.6576152	0.0	0	17195.25549240388	17320.358615144476	288394	0
5629	456673	325632400.0	0.35919186	0.0	0	14858.57474720964	15059.440872864254	294337	0
2835	296921	1673305200.0	1.904007	0.0	0	21149.1697531387	21241.669106330024	294465	0
2616	281187	813083500.0	0.39730224	0.0	0	3720.7891685642926	3813.8113320082794	295056	0
2174	246052	1931139500.0	13.814273	0.0	0	14493.834808712993	14637.714600345009	295164	0
2648	283288	1145927300.0	0.8532987	0.0	0	16822.244877239715	16827.493904824783	304503	0
2758	291476	1446216200.0	2.118426	0.0	0	22028.37246105758	22209.32174845154	305246	0
1879	219300	148533200.0	0.059187338	0.0	0	14977.397412874698	15183.69174501234	305436	0
774	103333	1113010000.0	0.20597169	0.0	0	19439.118037200544	19582.913186269572	308345	0
753	99292	907142660.0	0.057995293	0.0	0	3938.716535726345	3944.847778988838	309069	0
3840	364051	1021354430.0	0.82156736	0.0	0	13301.161547523	13342.344359633216	309703	0
4344	392486	566708800.0	0.5485661	0.0	0	15987.120788847065	16004.794053618527	310265	0
3229	325741	1036354400.0	0.5839551	0.0	0	19475.819879903145	19537.416329516782	310700	0
568	75343	980807740.0	0.22596988	0.0	0	18624.885227622814	18662.785049527785	313147	0
309	38840	782672800.0	0.28344178	0.0	0	19307.023945190114	19375.494562233624	313345	0
2321	257785	84763230.0	0.15642712	0.0	0	17980.924758758134	18200.526934951817	320390	0
4227	385948	751464700.0	0.45615974	0.0	0	13149.190740083213	13319.450710870013	320942	0
5930	471205	152537810.0	0.031406563	0.0	0	21155.516231947353	21278.85195294982	321546	0
2687	286236	1109963800.0	1.2873685	0.0	0	8564.139447204334	8707.997777022421	327770	0
1191	150305	140059630.0	0.08122732	0.0	0	19217.09335824827	19400.51736630006	332915	0
4727	412513	536806560.0	0.41658068	0.0	0	16241.336839649386	16321.052191458952	333291	0
4867	419888	315054940.0	0.16134167	0.0	0	18009.541510476225	18193.873114299087	333620	0
6001	474626	312278600.0	0.14165254	0.0	0	17659.220178813663	17715.064940778837	334269	0
2356	260831	1660180100.0	1.5810647	0.0	0	25069.655638058663	25292.80350915674	335303	0
1660	199718	783537000.0	0.5235062	0.0	0	10059.346894371554	10253.862049942063	336693	0
3300	330215	974288500.0	0.88989156	0.0	0	23458.940318516135	23684.599453217546	337569	0
1141	144335	300393250.0	0.20597202	0.0	0	20837.97810100621	21034.9930581695	338493	0
3907	368146	491578200.0	0.34437418	0.0	6	947.370180190774	1031.9920899840668	339441	0
3923	369139	1239014300.0	0.7048666	0.0	0	19739.31244744874	19917.684580253488	340045	0
3960	371451	276198980.0	0.24698459	0.0	0	14855.69849824093	14954.943368424427	342162	0
3599	349088	1106859400.0	0.9189726	0.0	0	22636.16639871124	22844.892543842245	344173	0
3270	328219	739884740.0	0.478059	0.0	0	3221.429916917159	3233.437226779031	344622	0
5376	444363	121313340.0	0.10368079	0.0	0	16883.992458210727	17040.2876123011	344702	0
5439	447507	278506980.0	0.12175365	0.0	0	25895.755753707293	26103.049360635086	344826	0
3845	364403	579432400.0	0.23563457	0.0	0	13599.544797014365	13838.1769286441	344922	0
3074	315057	757260600.0	0.8907091	0.0	0	15098.747958161168	15314.75719408144	345185	0
4282	389212	1049479800.0	0.87023133	0.0	0	11746.787262470565	11914.083871761548	345355	0
3413	337416	624230700.0	0.48724678	0.0	0	14659.339529962195	14696.626180355564	348024	0
2783	293248	786022800.0	0.5716426	0.0	0	17398.44731092162	17531.415813699285	350830	0
5373	444264	315853380.0	0.2214583	0.0	0	23735.614032841204	23933.6303529499	351994	0
6283	488439	174798850.0	0.121035725	0.0	0	16450.12182970568	16620.63382002563	352142	0
3446	339525	154292640.0	0.16189611	0.0	0	6316.180273359497	6390.089455899449	353313	0
4280	389092	207924960.0	0.19980547	0.0	0	9073.461851911066	9098.597424645703	354550	0
3869	365780	867748300.0	0.5882895	0.0	0	13870.680951017963	13898.73779670576	359933	0
5150	433499	638475900.0	0.39468688	0.0	0	6439.716452012522	6534.46685739867	361240	0
1907	221957	859590200.0	0.4058501	0.0	0	18576.987762151373	18738.896273326005	361962	0
5744	462651	189723300.0	0.117692634	0.0	0	4622.827019646856	4678.38611395807	362274	0
6360	492664	104928620.0	0.09877328	0.0	0	17962.41410075978	18091.98290223131	362862	0
4802	416518	192919020.0	0.15021329	0.0	0	17209.94456832351	17388.935251416002	364719	0
2216	249403	874323500.0	0.24467894	0.0	0	9246.113284358518	9284.093499217699	364956	0
1035	132724	570298200.0	0.3708513	0.0	0	21848.369142347423	22070.114078453633	367082	0
125	14373	667012160.0	0.24790622	0.0	0	2792.15677574782	2889.924727090302	370213	0
6302	489271	136345820.0	0.08345031	0.0	0	13895.480892195901	14021.396859443006	370510	0
5957	472486	116477840.0	0.13417864	0.0	0	17188.329246646786	17223.074428511307	372203	0
1682	202035	547219840.0	0.33288515	0.0	0	23600.427354732332	23795.27063384155	379806	0
7300	562447	91772360.0	0.030841798	0.0	0	11691.689134294787	11876.523855043957	379957	0
1558	189539	416215740.0	0.3249379	0.0	0	19382.0663294535	19472.280726501926	380289	0
2240	251469	379841300.0	0.085862525	0.0	0	9808.68790333567	9850.721293018372	384527	0
1840	215404	336360540.0	0.28801668	0.0	0	9935.609402718417	10111.783522604092	384765	0
5186	435191	340307040.0	0.24642111	0.0	0	2085.2441348597295	2139.8356408401473	388516	0
4408	395910	345215580.0	0.17369567	0.0	0	23734.096253275282	23941.27501636457	392081	0
4807	416765	466408500.0	0.26772285	0.0	0	6532.684613263977	6551.104477076698	394214	0
5688	459471	327079800.0	0.13914502	0.0	0	10583.886148816679	10624.834563228782	394900	0
6422	496033	125823576.0	0.11923198	0.0	0	11490.306526417944	11714.60564777639	396787	0
7051	535924	158291490.0	0.035184134	0.0	0	20014.103857594888	20038.1044267375	402328	0
3780	360482	219635220.0	0.118953146	0.0	0	22215.46033990665	22293.822749558403	403125	0
1766	209124	323750600.0	0.3139801	0.0	0	16128.179963548097	16212.436992196699	404795	0
4133	381023	143999940.0	0.087131664	0.0	0	10683.902718820798	10755.064101325845	406421	0
3341	332651	621785900.0	0.25828916	0.0	0	19839.3626522817	19846.22659063524	410779	0
721	94011	491742600.0	0.19744968	0.0	0	18115.398913502064	18275.603532310965	412053	0
6465	497881	221332600.0	0.106354445	0.0	0	18178.77442229828	18196.84385087089	412587	0
3810	362195	482774340.0	0.36103073	0.0	0	19029.128999905868	19249.39363198654	415149	0
4560	403732	550067500.0	0.201826	0.0	0	5969.8148563705645	6054.256797749139	415990	0
1498	184009	149329630.0	0.028431822	0.0	0	15683.92271589001	15725.326873080267	417203	0
5478	449309	197517380.0	0.20815791	0.0	0	7162.976340387696	7261.047694901658	418001	0
4030	375557	231745280.0	0.07796153	0.0	0	19013.725890167767	19036.235610616633	418493	0
4045	376240	109099710.0	0.11476328	0.0	0	18106.581517818355	18150.24211364741	420414	0
5324	441906	119590900.0	0.07569427	0.0	0	15315.016180696295	15346.885859789807	420507	0
6723	511743	118425920.0	0.044260174	0.0	0	2357.0655233163443	2499.2797555171733	421044	0
4858	419399	423383680.0	0.28078696	0.0	0	20045.711806614298	20074.84934052447	423283	0
7413	585812	85754930.0	0.024112077	0.0	0	18039.459940091732	18140.65845063317	423964	0
3645	352081	615912900.0	0.35880855	0.0	0	7649.237816981741	7680.910673839609	425339	0
6237	485963	256726500.0	0.1687197	0.0	0	15015.128061708341	15023.701312713441	426964	0
2402	264699	231070350.0	0.15613896	0.0	0	5801.133600228837	5849.424019445191	427713	0
1868	218318	130814080.0	0.048497513	0.0	0	18516.91435003358	18662.715655418764	427971	0
6861	520823	202041710.0	0.051587947	0.0	0	9488.304649233887	9559.12968406039	429137	0
1714	204315	209632050.0	0.12053518	0.0	0	16747.08544858536	16867.796191372618	429261	0
666	86407	169965700.0	0.014970499	0.0	0	17692.0440374574	17799.47871136555	433563	0
6059	477327	170729280.0	0.059319053	0.0	0	29418.54610973562	29636.656621911283	434073	0
3179	322363	282045660.0	0.26266247	0.0	0	8778.089267900887	8952.891833844391	435172	0
1527	186547	109496370.0	0.011626168	0.0	0	7756.807550826127	7769.926969569306	437891	0
7219	552194	119530830.0	0.014858765	0.0	0	19273.22951155618	19291.431295451646	437946	0
3484	342044	502081400.0	0.309746	0.0	0	19843.16130935802	20008.976128531667	438479	0
6464	497852	88449910.0	0.049185134	0.0	0	5448.314881489483	5473.777274900639	438702	0
2223	249828	201088860.0	0.066996075	0.0	0	17158.340378666515	17295.314858716112	438883	0
227	27691	153561870.0	0.004995842	0.0	0	9913.60720697883	9982.950413580715	440643	0
6031	475916	144763840.0	0.12505347	0.0	0	10408.22324652286	10501.027638534679	440942	0
5353	443155	146649660.0	0.14021255	0.0	0	6087.386196474345	6296.09954914656	441375	0
6380	493833	169120690.0	0.08027931	0.0	0	19572.468180386546	19645.5167546458	441540	0
6466	497904	92719864.0	0.043411437	0.0	0	13355.15029774999	13436.696008792442	444328	0
4628	407421	236785280.0	0.09697831	0.0	0	15705.703087795473	15771.49190595503	449273	0
2119	241270	291436260.0	0.28920352	0.0	0	19144.381000286205	19188.95619953128	449938	0
7440	605491	117226700.0	0.04963108	0.0	0	6729.67152149527	6790.442494892608	451566	0
4127	380834	233582690.0	0.14669341	0.0	0	17805.32481525834	17812.36742844995	453017	0
7044	535356	167546420.0	0.050105613	0.0	0	7583.162037505515	7701.59250991683	453868	0
3591	348525	135198510.0	0.09755172	0.0	0	15141.227723464794	15177.965059748341	455416	0
6856	520473	132401610.0	0.06942437	0.0	0	14387.708732706526	14434.452677267573	456292	0
5659	458110	219285860.0	0.19702682	0.0	0	20698.11701692134	20882.405350678513	456357	0
6699	510477	97746136.0	0.052608248	0.0	0	16993.53713584018	17024.886476701126	456705	0
6251	486708	123760664.0	0.08985008	0.0	0	16978.605261081357	17092.63271889966	456789	0
7297	561769	115757940.0	0.042493176	0.0	0	7977.432367976178	8071.558701208562	456957	0
238	27745	151696900.0	0.2703284	0.0	0	9683.04749353573	9749.712352688672	457542	0
5898	469600	92891110.0	0.060385697	0.0	0	12164.292624215263	12349.078128212626	459598	0
2565	277549	133577460.0	0.12509693	0.0	0	20500.630572901235	20511.193549772135	464134	0
6257	487006	168106750.0	0.11064894	0.0	0	10522.477034867336	10593.239780447102	466492	0
333	41211	102783980.0	0.26039046	0.0	0	4663.6751224768295	4670.054609771541	469870	0
1270	159588	109335790.0	1.9113361	0.0	0	20177.804048403992	20302.26411372971	471476	0
6525	501158	110333430.0	0.04868705	0.0	0	6828.154930772461	6892.368994024836	473425	0
1835	215256	125859290.0	0.071858175	0.0	0	19701.242892473107	19882.097273075535	473609	0
4708	411611	195057340.0	0.119159624	0.0	0	12848.233525319325	12914.065653062245	477387	0
1489	183035	190703570.0	0.0077387905	0.0	0	15944.342308244519	15953.168094231867	477416	0
6559	502964	125176990.0	0.07759641	0.0	0	15396.014594826771	15441.261012222503	481258	0
4820	417432	186462940.0	0.19926754	0.0	0	15219.327632173452	15263.121348085146	484312	0
6121	480363	161506320.0	0.079784326	0.0	0	17666.32682465467	17775.30550187097	485806	0
7352	569733	143400400.0	0.065446384	0.0	0	15039.459794121529	15108.315126626107	486547	0
3510	343513	89502620.0	0.05167657	0.0	0	7928.019920328705	8037.498166440122	492396	0
7060	536559	119680390.0	0.045132525	0.0	0	3384.6310506728287	3513.3161264446676	494834	0
5962	472757	150200140.0	0.04773592	0.0	0	5999.10389215858	6030.838549497096	495454	0
542	72129	117617720.0	0.023673624	0.0	0	21258.778765327286	21467.38681316807	496585	0
4060	377103	130818790.0	0.16380382	0.0	0	20927.844838868525	21118.41186799922	497224	0
5460	448529	107708584.0	0.045110162	0.0	0	17413.48383700428	17465.728333251143	497492	0
7115	542310	147730300.0	0.00879263	0.0	6	854.7281715577304	922.7514816753214	499413	0
6050	476995	84967304.0	0.034920223	0.0	0	7187.813709103711	7267.949376752353	500618	0
4781	415556	297519400.0	0.19245258	0.0	0	21678.640057584707	21903.105781108938	500901	0
7024	533654	94775550.0	0.06424543	0.0	0	7702.33652437909	7767.713993391147	508309	0
7098	540093	106832440.0	0.029806623	0.0	0	21791.81226085887	21998.199164548394	524443	0
7168	547541	97449310.0	0.044846717	0.0	0	6189.938070913351	6331.3999587904	529929	0
4756	414116	126484856.0	0.13264237	0.0	0	24039.598897402782	24232.54607822612	534794	0
6860	520635	109988880.0	0.027555697	0.0	0	10106.677926722145	10196.570860012915	536188	0
7291	561304	90405770.0	0.025783919	0.0	0	24242.29926446457	24478.241691887237	542615	0
4958	424411	103950920.0	0.11640391	0.0	0	6433.890590509357	6517.334232795631	543689	0
5461	448554	116052200.0	0.1419417	0.0	0	11801.458323652172	12014.106309372795	553765	0
6164	482455	98808670.0	0.059123628	0.0	0	5948.50245904034	5996.372786993072	553797	0
5504	450649	94846000.0	0.07240935	0.0	0	16613.633613866423	16718.20756721916	567004	0
7333	565841	89011944.0	0.044743765	0.0	0	22795.185222657183	22837.653915731673	571734	0
5286	439904	87313160.0	0.16291468	0.0	0	22209.816404062094	22350.688530114665	581103	0
2001	230334	199407420.0	0.5038558	0.0	0	18457.53749164593	18626.84405148642	36	0
3015	310986	1683158800.0	0.7962784	0.0	0	18582.74073040823	18760.997476787834	152672	0
1303	163594	3283815700.0	3.85435	0.0	0	23549.76500864844	23783.468359540442	266381	0
3335	332195	1783245000.0	2.28691	0.0	0	16520.781008745736	16543.849177355034	308589	0
5663	458250	202225020.0	0.13653353	0.0	0	6008.212147568643	6152.061252472795	435138	0
3462	340344	91132630.0	0.09828682	0.0	0	7183.599540131212	7194.113743079093	303728	0
1564	189974	103435240.0	0.027132746	0.0	0	11495.705381321697	11514.09630382562	391179	0
3366	334348	608321500.0	0.744094	0.0	0	5703.882862209453	5707.285684783765	376382	0
5662	458225	337272000.0	0.24614146	0.0	0	15947.962347759227	16088.443440320614	410402	0
735	96379	669363600.0	0.06011768	0.0	0	13980.694953197177	14074.923684429223	419611	0
6224	485347	139264430.0	0.0930203	0.0	0	11283.059899788856	11433.175646416335	464679	0
4382	394507	604108860.0	0.3405168	0.0	0	5400.933989532859	5536.081857362675	213037	0
1169	147515	158589540.0	0.18181393	0.0	0	9387.267675392237	9473.517986497649	451716	0
2868	299609	2053877500.0	1.131555	0.0	0	12454.405593283558	12609.066951574792	311802	0
5685	459354	133130680.0	0.09327196	0.0	0	16638.998148053026	16735.18585854244	425246	0
7132	543806	90238024.0	0.045376018	0.0	0	19259.30950761547	19268.466683914587	425247	0
6199	484277	177118540.0	0.09541182	0.0	0	17944.632712925555	18047.769184246157	417692	0
107	14355	475101460000.0	36.607452	0.0	0	2676.6251595445992	2975.8595887352094	0	0
163	20552	99419890000.0	0.032285135	0.0	0	19908.03548362549	19933.899745073984	2	0
3323	331494	240702990.0	0.23486096	0.0	0	23168.49141843085	23381.53341217833	327186	0
3579	347885	391119680.0	0.2902256	0.0	0	11857.072829716313	12045.357950446945	410643	0
6134	480916	251628060.0	0.16698967	0.0	0	12861.184019149245	12886.151481390632	399622	0
230	27696	494828930.0	0.12610725	0.0	0	9622.559639027304	9689.326793743989	408457	0
2302	256335	156052460.0	0.19296841	0.0	0	5117.900400975001	5211.967371070168	408629	0
2143	243108	194593630.0	0.15373722	0.0	0	14408.328435114769	14639.256900337048	479062	0
6667	508827	182177760.0	0.06376811	0.0	0	24117.110974678082	24308.03567915568	530633	0
