	SubhaloID	Mass	SFR	num_mergers_in_last_2Gyr	N	r_1	r_2	matched_to_merger_subid	ngrows
4606	437210	949339600.0	0.46315762	0.0	0	14136.32309510979	14399.494269716832	20	0
3026	335684	751119700.0	0.48344418	0.0	0	24887.3001400179	24915.483951524748	310894	0
5110	462612	388933820.0	0.09579823	0.0	0	15165.199581094254	15299.734889828922	450685	0
6212	514641	263811570.0	0.102848016	0.0	0	18211.474662652985	18258.81628073844	492687	0
6231	515368	318208420.0	0.13241377	0.0	0	9917.290295342627	9964.10941881781	508455	0
6828	542587	142588620.0	0.053373322	0.0	0	16675.703189724336	16713.363280649402	515104	0
2336	277034	4966967000.0	4.7403655	0.0	0	21509.287776889352	21562.952558294182	305028	0
7321	570378	149174260.0	0.043759085	0.0	0	19648.33854101243	19667.58463414261	448507	0
6109	509369	291392960.0	0.069211066	0.0	0	2863.341427130045	2888.2311563438643	458472	0
148	19216	639635700000.0	81.16015	0.0	0	19183.0172422017	19225.738255698252	0	3
1793	223412	368411620.0	0.1415581	0.0	0	19761.404176860022	19789.904142782034	289847	0
4454	428874	1327638300.0	0.940973	0.0	0	17238.405403440374	17401.361882738434	298720	0
5243	469052	557368400.0	0.39722684	0.0	0	18486.202886763775	18553.248296944188	462035	0
6220	514970	140054300.0	0.065193236	0.0	0	16468.68388857688	16638.107183153566	560737	0
6205	514381	331690000.0	0.13054389	0.0	0	3828.149525738595	3845.2889157425816	16	0
7814	612168	104349930.0	0.026337912	0.0	0	20791.31693741487	20924.20082806136	40474	0
7744	602889	91868890.0	0.02676391	0.0	0	17329.786542640104	17374.481742497905	40479	0
3988	401479	836814500.0	0.53648317	0.0	0	9661.41098473152	9763.234734781245	53807	0
6437	525053	122846590.0	0.11529351	0.0	0	17984.124682091224	17997.173644684444	79466	0
283	36667	116156890000.0	0.018987235	0.0	0	9683.780664449185	9773.189257222231	86527	0
1000	130981	863040960.0	0.15319908	0.0	0	17094.821590354666	17264.703331428944	96663	0
4309	421256	711928800.0	0.34380415	0.0	0	18981.260358318414	18995.138156847093	100597	0
1975	242313	192206290.0	0.16018336	0.0	0	18114.71808792662	18204.188738025678	103116	0
808	106689	112841310000.0	0.005063517	0.0	0	17468.1363358423	17534.108976368057	107818	0
854	112155	95466910000.0	12.116165	0.0	0	6827.042913813692	7018.513189901409	117427	0
3066	338638	1781642200.0	8.834817	0.0	0	14330.280771174226	14554.21943712388	119039	0
1547	196682	41161368000.0	7.2725797	0.0	0	7040.150211981397	7217.171237021684	128894	0
1002	131721	57403070000.0	0.00028503564	0.0	0	8466.723494057202	8642.243533798988	141561	0
4659	440168	434722850.0	0.14897107	0.0	0	17018.255466078394	17095.177800138496	146117	0
5383	475814	985927700.0	0.5273177	0.0	0	19688.2239311751	19702.802332752268	155307	0
1733	216973	1836697100.0	1.6604543	0.0	0	15907.675616264352	15909.216387901004	163767	0
2710	309257	112411944.0	0.05921561	0.0	0	15160.055435643033	15287.64553995774	176218	0
1239	160155	1327738400.0	2.6095738	0.0	0	20759.03077133736	20858.765111735767	178237	0
5744	492331	132909704.0	0.12401208	0.0	0	23150.803045516586	23194.489849076934	181171	0
2809	317285	1009500200.0	0.9312769	0.0	0	17273.914784118093	17293.482454262965	189279	0
2249	269576	8375165000.0	8.832383	0.0	0	22379.994141059633	22469.044985510653	199958	0
6977	550553	106470296.0	0.035380602	0.0	0	3531.230616811349	3562.248936605135	204186	0
1889	233777	18324080000.0	29.078152	0.0	0	23884.919925242106	23910.22382682136	209609	0
425	56389	23899850000.0	6.631509	0.0	0	3888.0438659312213	3928.681983507635	214022	0
705	91803	14949267000.0	3.951909	0.0	0	14948.436903452799	15088.335090998062	220743	0
2589	299376	2563484700.0	3.164774	0.0	0	10935.995983051525	10980.719384120835	221243	0
2433	285529	1402665600.0	0.817467	0.0	0	16395.590208413978	16575.05601678866	224781	0
3648	379640	1508295600.0	1.0910007	0.0	0	8167.5971826357945	8371.57579816252	226190	0
2631	302759	8427776500.0	4.6518693	0.0	0	13477.26275944075	13582.993432540718	226595	0
1955	240237	18961957000.0	12.18829	0.0	0	16054.080176882057	16140.81913977391	228492	0
2	2	11419859000.0	8.897133	0.0	5	212.3636523904648	478.2326784257235	231688	0
2021	247123	19033710000.0	18.335867	0.0	0	20013.171953404202	20029.46467306989	232987	0
6717	537560	118293816.0	0.040872265	0.0	0	14713.899958103137	14845.181579131435	238195	0
7607	590125	125388140.0	0.015473709	0.0	0	9767.570239726041	9950.659757434325	248642	0
286	36670	4533256700.0	0.3293023	0.0	0	9497.983999927153	9634.18469481593	252316	0
3983	401175	1489322500.0	0.90036356	0.0	0	15991.200767070337	16157.697918734562	255950	0
5466	479700	331656640.0	0.19159967	0.0	0	8900.093668109985	9090.00630340968	261786	0
2997	333327	3149081600.0	2.1823835	0.0	0	14525.230759113443	14556.092256653506	263848	0
1153	149157	85048830.0	0.014714595	0.0	0	7317.583639726061	7478.815330784943	263849	0
5846	496942	104361120.0	0.06601299	0.0	0	8940.044819822719	9122.147553243236	270798	0
2228	267317	10056773000.0	5.67852	0.0	0	17439.247918560202	17440.924525805567	279936	0
4771	445664	559124160.0	0.3690518	0.0	0	24755.431259768135	24789.532103836566	282434	0
3188	347943	2548717600.0	2.332438	0.0	0	15946.860935009736	16186.043091830423	282777	0
6730	538401	170342740.0	0.14446637	0.0	0	10095.608687394219	10171.120955172526	283496	0
1418	181793	2339927800.0	3.5292146	0.0	0	21538.031186783533	21551.852192922852	283724	0
4787	446548	765866300.0	0.35855222	0.0	0	6056.173395979054	6097.265393806296	286378	0
1687	211997	5038596000.0	3.394913	0.0	0	17975.749304677072	18020.042056851576	290127	0
1187	154469	5800231000.0	4.7353487	0.0	0	22044.625116732208	22080.996978476745	292746	0
4075	407249	1619484500.0	0.5676764	0.0	0	18628.981939489513	18642.511912251208	293767	0
4218	415909	1259722000.0	0.70661604	0.0	0	13310.666661517958	13378.840856164863	300905	0
1934	238191	1383987200.0	0.85976654	0.0	0	16006.281530828235	16109.527583403707	305132	0
2920	326755	4295832000.0	1.1685611	0.0	0	6060.877903575835	6223.213225178226	308406	0
2236	268158	5079990300.0	7.2327294	0.0	0	20291.371348085035	20409.14238407333	314023	0
428	56392	5891152400.0	17.2211	0.0	0	3947.5943055532566	3991.015732886765	317490	0
3273	354377	1028113340.0	1.0233909	0.0	0	21223.103607980214	21245.087804273026	324130	0
5920	500781	287435040.0	0.14627533	0.0	0	11662.035088337794	11839.283908189564	324336	0
4267	418933	723009300.0	0.07896141	0.0	0	18412.600757720575	18461.298534414556	325820	0
3538	372580	177861070.0	0.07211954	0.0	0	18905.756622605528	18981.72323637779	328150	0
6116	509853	122937430.0	0.05201021	0.0	0	15937.583688146384	15972.048076759873	330738	0
2601	300223	720325600.0	0.21893883	0.0	0	15030.793611920973	15171.692989552848	336072	0
4849	449593	1104906900.0	0.83656967	0.0	0	4944.799908710185	5122.198836418522	344097	0
5590	485560	302503650.0	0.23572163	0.0	0	20013.976031615482	20111.586119507087	350412	0
2735	310895	500563680.0	0.31562006	0.0	0	23170.95138107885	23211.717314422815	359402	0
6366	521792	141558600.0	0.040645942	0.0	0	8548.685497444945	8557.969029437105	364414	0
4944	454009	407896320.0	0.33138138	0.0	0	14551.232848457266	14578.271825261663	365184	0
3448	367164	689846140.0	0.43884465	0.0	0	8412.086869441584	8539.898104656782	366850	0
1771	221244	957709250.0	0.41617224	0.0	0	14337.191435417299	14354.621550402147	370064	0
4124	410250	950918140.0	0.6831806	0.0	0	21595.491403549488	21641.35873601265	376129	0
7615	590730	149497810.0	0.021024218	0.0	0	14062.527371797374	14099.053194452501	376439	0
3171	346474	1191467000.0	0.9776615	0.0	0	15714.310399224907	15760.982024899566	376624	0
7494	582068	108484090.0	0.038550876	0.0	0	13060.116226839982	13132.963134419493	379706	0
3786	388686	1219094100.0	0.80316985	0.0	0	11932.060801958523	12143.02099550016	381607	0
3317	357546	1675915600.0	1.3741715	0.0	0	5499.751662987305	5502.660149893801	382951	0
6335	520462	208332400.0	0.06272113	0.0	0	19198.025154492007	19223.097254381202	386622	0
995	129692	332331070.0	0.18570967	0.0	0	6494.507528605613	6713.316311515639	388099	0
4592	436281	765529900.0	0.44220704	0.0	0	23201.910180241226	23225.014256859966	389632	0
6547	529986	190588240.0	0.031225864	0.0	0	17520.70733682777	17521.426213110615	391395	0
6357	521374	391079520.0	0.1779083	0.0	0	20441.733751109376	20455.566576649177	392989	0
5178	466022	770221400.0	0.4329279	0.0	0	16153.59272659982	16204.57850840171	394323	0
3932	398107	746520060.0	0.6212039	0.0	0	18634.181724161183	18635.507225634152	397044	0
4121	410103	356163700.0	0.19770299	0.0	2	1685.7117238460141	1811.3420812232223	400660	0
5072	460695	774242750.0	0.3907654	0.0	0	21906.57890690698	21913.26746118187	406945	0
6191	513680	301934820.0	0.09258819	0.0	0	17034.13316198575	17037.162859611508	410021	0
1266	163186	164293540.0	0.019025328	0.0	0	18447.145497154706	18543.98521022198	413790	0
5815	495622	396428100.0	0.20147137	0.0	0	18990.210603383257	18992.09244475633	414985	0
5845	496916	387885150.0	0.15187027	0.0	0	19109.250240943336	19128.428787403453	420194	0
6067	507405	367711580.0	0.22535373	0.0	0	13850.514543980744	13890.558650690233	420988	0
1042	135717	91459944.0	0.0064460593	0.0	0	17030.93194641996	17080.799096761166	422134	0
4123	410159	692248500.0	0.2743595	0.0	0	20458.131103923908	20541.780327274566	424964	0
4645	439394	699693250.0	0.13883899	0.0	0	20568.42861313166	20671.839147672537	426011	0
4601	436928	632255940.0	0.5407702	0.0	0	21046.860650597424	21060.81920121598	428390	0
4878	450790	323458460.0	0.15120183	0.0	0	13500.357816877713	13638.233625680106	428434	0
4577	435334	447805860.0	0.49429417	0.0	0	12765.995944910555	12787.768916287092	429847	0
5245	469136	527109220.0	0.28215265	0.0	0	16699.103776642092	16780.856982773414	430757	0
7505	582397	112059970.0	0.07076992	0.0	0	15371.62291181765	15413.584727876825	431885	0
417	53812	647017150.0	0.11562408	0.0	0	23336.459073264992	23374.345930538868	434304	0
7301	569364	142695260.0	0.047128472	0.0	0	15925.064449867861	15985.786671708729	436545	0
4768	445517	207231150.0	0.10845234	0.0	0	5486.03931927583	5592.249181452406	441307	0
5787	494343	203101150.0	0.105842374	0.0	0	10998.693492266986	11167.90013905252	444798	0
2720	310015	259695950.0	0.055447437	0.0	0	4094.0132963379688	4208.729234929335	445009	0
1653	207521	473702560.0	0.21157238	0.0	0	8204.103247464884	8299.833714109323	446374	0
4046	405207	234792450.0	0.21566199	0.0	0	13324.277507823712	13523.754995795094	446420	0
4625	438070	351839070.0	0.085152656	0.0	0	13272.339089149174	13467.339720095859	448885	0
532	68521	95343420.0	0.06548513	0.0	0	21493.165244547698	21519.768789928225	453108	0
5670	489023	361986180.0	0.06680877	0.0	6	1178.1281466486826	1288.7186882012693	456660	0
6093	508482	157465950.0	0.03761444	0.0	0	16848.108489128543	16932.191608807	457521	0
946	123445	471743780.0	0.48653853	0.0	0	22715.673148365393	22778.44875998451	457900	0
5307	471936	246350850.0	0.1801528	0.0	0	18606.111165566355	18616.226126571288	458797	0
4698	442206	388272160.0	0.1577964	0.0	0	17097.49193312253	17216.577750640947	458858	0
3817	390957	271262900.0	0.33015168	0.0	0	19710.351626745698	19808.06079795764	462461	0
7793	609327	89112790.0	0.022008711	0.0	0	14309.20762327157	14507.778666497574	463856	0
6932	547820	154867440.0	0.032279268	0.0	0	7011.880439683504	7128.119923793619	466642	0
4317	421673	144829380.0	0.09202011	0.0	0	16799.406499364883	16995.283598955957	467600	0
2423	284342	144102500.0	0.050832756	0.0	0	18106.5246250301	18145.782923707968	470468	0
639	81247	135430220.0	0.023242934	0.0	0	5330.1284722892115	5410.9117084395575	473213	0
6263	517160	501621020.0	0.27706614	0.0	0	20975.349612770715	20996.871815000624	476686	0
6201	514216	358260130.0	0.17375356	0.0	0	12978.465759448105	12985.58526414579	477894	0
1763	220108	154359040.0	0.04515227	0.0	0	7052.02576599215	7067.810637347233	477928	0
289	36673	233240020.0	0.03910145	0.0	0	9425.033157115697	9557.450434695511	482413	0
3814	390628	272161500.0	0.10351248	0.0	0	24459.581224605383	24511.108783311716	483679	0
2004	244409	146418460.0	0.035857383	0.0	0	10257.984023724623	10436.559647665394	484659	0
5703	490529	117560540.0	0.09847918	0.0	0	18200.82119401693	18291.963941865128	486029	0
7195	563325	129885550.0	0.051792774	0.0	0	9739.014300158246	10014.891217352671	488695	0
3512	371018	139735540.0	0.12560436	0.0	0	17568.777464144045	17599.45085999038	489129	0
6029	505846	87745890.0	0.041679025	0.0	0	17213.3715200748	17401.54257184083	489540	0
7401	576049	152397540.0	0.08011947	0.0	0	2530.4794898682526	2538.7153257860964	489657	0
4584	435779	233968100.0	0.14641066	0.0	0	18531.7062960124	18612.389932059654	491566	0
1533	194389	256488020.0	0.029558465	0.0	0	18065.27540698509	18156.318764642794	496306	0
6972	550392	199889820.0	0.14509565	0.0	0	9034.010067488729	9110.034258875243	496880	0
266	32809	87843710.0	0.05372504	0.0	0	23006.883855875763	23043.6559632042	498037	0
7865	621092	92041230.0	0.04773635	0.0	0	11717.8177371948	11809.781644089979	499700	0
5027	458515	261761520.0	0.1448859	0.0	0	17110.48878040537	17121.277540109222	503616	0
6662	534581	246033950.0	0.08301817	0.0	0	7550.1136666571265	7566.715830819327	504309	0
7060	556034	157476560.0	0.04987875	0.0	0	13532.643171008027	13669.908527641277	506034	0
4727	443670	176200930.0	0.019264191	0.0	0	22841.42758744872	22910.732564397396	506309	0
6811	541898	172620270.0	0.068260826	0.0	0	17783.473176147378	17867.022647998547	507519	0
7293	568933	116071830.0	0.0433537	0.0	0	13657.034165907988	13726.04361384248	507867	0
5092	461663	261407550.0	0.16536665	0.0	0	13240.581573356156	13461.55041071051	508844	0
6186	513356	232251300.0	0.11971429	0.0	0	25808.53794476802	25841.23040404401	510115	0
6488	527434	140565280.0	0.08823393	0.0	0	17967.219175326616	17967.473595448864	510595	0
4764	445318	498515460.0	0.23073362	0.0	0	18801.743320277234	18832.736021828496	513750	0
7184	562657	183811400.0	0.063275516	0.0	0	14951.945133804795	15090.918902131649	515556	0
1291	166666	183109100.0	0.20708454	0.0	0	17069.588100323115	17180.40956827312	517965	0
7252	566461	92180420.0	0.034142166	0.0	0	21499.507449086355	21588.497986306105	520811	0
7518	583246	145742610.0	0.051196452	0.0	0	7527.678764786123	7569.988606870183	521190	0
431	56396	142750770.0	0.08535765	0.0	0	3867.991631609584	3893.689753958071	521235	0
5740	492140	105769760.0	0.048503596	0.0	0	18425.961258103485	18434.052740704694	525333	0
7281	567855	106159580.0	0.060431078	0.0	0	7015.203178416886	7300.082943691483	527138	0
1615	203426	146201400.0	0.018554753	0.0	0	8339.935039605502	8523.195741790341	530692	0
3233	351442	161610850.0	0.051176496	0.0	0	10033.191132132026	10072.462835059065	531087	0
4889	451290	138016660.0	0.060592897	0.0	0	12779.537184622903	12795.35045753194	531458	0
7470	580699	122101010.0	0.027300375	0.0	0	8543.96773719648	8676.797208717813	537361	0
6586	531731	139945070.0	0.054450933	0.0	0	9407.409928654959	9517.9942786862	538440	0
7419	577198	114964810.0	0.041511625	0.0	0	14548.618057249661	14647.477831547343	538968	0
7019	553581	110574240.0	0.034021728	0.0	0	11208.913536704587	11221.921385971	539258	0
4098	408578	98380110.0	0.06199488	0.0	0	17753.34140835419	17796.698010325825	540170	0
5198	466995	156777380.0	0.03283937	0.0	0	15683.112165988645	15776.193729372915	548481	0
6809	541839	118512230.0	0.050751846	0.0	0	19177.971820151426	19184.52192017891	554738	0
7411	576647	99932490.0	0.022738047	0.0	0	9190.407363372444	9357.598744410547	558554	0
7086	557817	149702670.0	0.080857664	0.0	0	5421.354916788161	5637.222903891732	561216	0
7069	556429	97587656.0	0.027130725	0.0	0	17286.91082892384	17368.370906804492	567253	0
4991	456382	109305360.0	0.047541596	0.0	0	21366.15631686609	21378.142195967805	572651	0
106	8893	106294730.0	0.041308332	0.0	0	3028.259180251016	3055.146071533952	585743	0
7067	556317	120764310.0	0.068900146	0.0	0	23206.28531867041	23228.735058857386	587143	0
5783	494173	96183300.0	0.06228741	0.0	0	20960.112316858693	20961.128780263032	605825	0
