	index	Subfind_ID	t-t_merg	q	Type	mass	int_type	center
0	271	42381	0.2117222099999995	0.2008538	Descendant	330688600.0	1000	17
1	283	53189	0.2117222099999995	0.116926104	Descendant	258129040.0	1000	17
2	395	114438	0.0648136499999996	0.20674653	Descendant	109722610.0	1000	17
3	401	3123	0.0	0.11167824	Merger	383152450.0	100	17
4	402	6714	0.0	0.10338404	Merger	329703200.0	100	17
5	403	8141	0.0	0.17804465	Merger	460388860.0	100	17
6	404	8706	0.0	0.17499305	Merger	129697280.0	100	17
7	405	9600	0.0	0.120536655	Merger	4629218000.0	100	17
8	406	9601	0.0	0.14795804	Merger	207778750.0	100	17
9	407	9603	0.0	1.1009402	Merger	149924540.0	100	17
10	408	14808	0.0	0.1209757	Merger	4577594000.0	100	17
11	409	15485	0.0	0.192465	Merger	134169120.0	100	17
12	410	17455	0.0	0.12190607	Merger	2474855200.0	100	17
13	411	18813	0.0	0.120216034	Merger	255503840.0	100	17
14	412	26007	0.0	0.117366865	Merger	1113450400.0	100	17
15	413	27072	0.0	0.38094917	Merger	370693800.0	100	17
16	414	28248	0.0	0.15995298	Merger	537559900.0	100	17
17	415	29562	0.0	0.13747142	Merger	1717286500.0	100	17
18	416	36269	0.0	0.13405359	Merger	1150627500.0	100	17
19	417	36365	0.0	0.26626387	Merger	198436140.0	100	17
20	418	36718	0.0	0.10970655	Merger	711607200.0	100	17
21	419	36824	0.0	0.7666664	Merger	423463460.0	100	17
22	420	39121	0.0	0.5725439	Merger	477436100.0	100	17
23	421	40723	0.0	1.0610535	Merger	362622400.0	100	17
24	422	40911	0.0	0.29483426	Merger	630614660.0	100	17
25	423	40988	0.0	0.12923382	Merger	608486900.0	100	17
26	424	41547	0.0	1.1678483	Merger	613320500.0	100	17
27	425	41625	0.0	0.2476241	Merger	853252000.0	100	17
28	426	42732	0.0	1.0364394	Merger	541634100.0	100	17
29	427	45396	0.0	2.0122254	Merger	453865500.0	100	17
30	428	47168	0.0	0.102995455	Merger	370073570.0	100	17
31	429	47462	0.0	0.328153	Merger	292036480.0	100	17
32	430	49997	0.0	0.2929723	Merger	688125400.0	100	17
33	431	54801	0.0	0.5019137	Merger	107042104.0	100	17
34	432	55476	0.0	0.12175067	Merger	469164700.0	100	17
35	433	55731	0.0	1.8553586	Merger	190474580.0	100	17
36	434	56022	0.0	0.1652504	Merger	150255820.0	100	17
37	435	56799	0.0	0.24101606	Merger	342760500.0	100	17
38	436	58063	0.0	0.13262391	Merger	137500380.0	100	17
39	437	58580	0.0	0.12431721	Merger	356986000.0	100	17
40	438	59218	0.0	1.5658638	Merger	217503580.0	100	17
41	439	59748	0.0	0.45501518	Merger	265359800.0	100	17
42	440	61020	0.0	0.1564461	Merger	258113260.0	100	17
43	441	61641	0.0	3.058827	Merger	214361300.0	100	17
44	442	62138	0.0	0.11137325	Merger	159280220.0	100	17
45	443	62208	0.0	0.4803384	Merger	198623180.0	100	17
46	444	62673	0.0	0.27732193	Merger	299783000.0	100	17
47	445	65516	0.0	0.10981266	Merger	192797740.0	100	17
48	446	68612	0.0	0.12989913	Merger	270648770.0	100	17
49	447	69602	0.0	0.14858124	Merger	214744240.0	100	17
50	448	69672	0.0	0.22658014	Merger	278505820.0	100	17
51	449	70428	0.0	1.409432	Merger	143113150.0	100	17
52	450	73480	0.0	0.45572853	Merger	238019600.0	100	17
53	451	73963	0.0	0.17648932	Merger	157079800.0	100	17
54	452	74853	0.0	0.12522732	Merger	204226640.0	100	17
55	453	75726	0.0	1.0661869	Merger	317556740.0	100	17
56	454	76289	0.0	0.12878603	Merger	153843040.0	100	17
57	455	77697	0.0	0.16812544	Merger	139177980.0	100	17
58	456	78505	0.0	0.15677923	Merger	251391500.0	100	17
59	457	79479	0.0	0.10591092	Merger	160196620.0	100	17
60	458	80889	0.0	0.13942426	Merger	177934750.0	100	17
61	459	82637	0.0	0.13767348	Merger	280588900.0	100	17
62	460	84851	0.0	0.1511305	Merger	171770000.0	100	17
63	461	85858	0.0	0.39808723	Merger	212997820.0	100	17
64	462	86978	0.0	0.2323723	Merger	113474890.0	100	17
65	463	88690	0.0	0.14295755	Merger	169655580.0	100	17
66	464	88922	0.0	1.9824861	Merger	111134600.0	100	17
67	465	89071	0.0	0.12824023	Merger	104783336.0	100	17
68	466	90106	0.0	0.69011927	Merger	111080060.0	100	17
69	467	90220	0.0	0.15191428	Merger	199447600.0	100	17
70	468	90323	0.0	0.2735446	Merger	293727260.0	100	17
71	469	90431	0.0	0.16513656	Merger	211073730.0	100	17
72	470	91249	0.0	0.19789185	Merger	150509300.0	100	17
73	471	93011	0.0	0.1832711	Merger	193515020.0	100	17
74	472	93052	0.0	0.48965532	Merger	172020560.0	100	17
75	473	93457	0.0	0.3852884	Merger	120922520.0	100	17
76	474	94132	0.0	0.20017132	Merger	210104660.0	100	17
77	475	94681	0.0	2.4471865	Merger	147341180.0	100	17
78	476	95012	0.0	0.75859666	Merger	124281620.0	100	17
79	477	96072	0.0	0.21573195	Merger	99063440.0	100	17
80	478	98082	0.0	1.1416358	Merger	131179290.0	100	17
81	479	98660	0.0	0.10077794	Merger	137846660.0	100	17
82	480	101376	0.0	3.471224	Merger	229856500.0	100	17
83	481	101758	0.0	0.12545824	Merger	149122370.0	100	17
84	482	102132	0.0	0.15284362	Merger	120380180.0	100	17
85	483	102606	0.0	0.18127368	Merger	128633350.0	100	17
86	484	103743	0.0	0.25084946	Merger	186381890.0	100	17
87	485	104783	0.0	0.33547494	Merger	114947680.0	100	17
88	486	106633	0.0	1.4760436	Merger	146735040.0	100	17
89	487	107032	0.0	0.113046624	Merger	107507620.0	100	17
90	488	108048	0.0	1.4323698	Merger	137142400.0	100	17
91	489	108484	0.0	1.1366198	Merger	84478500.0	100	17
92	490	109621	0.0	0.14793926	Merger	99427530.0	100	17
93	491	109779	0.0	0.11980018	Merger	133456296.0	100	17
94	492	111008	0.0	0.7393178	Merger	155604080.0	100	17
95	493	111864	0.0	0.16668032	Merger	89331260.0	100	17
96	494	111901	0.0	1.2086606	Merger	110655496.0	100	17
97	495	112372	0.0	0.20394707	Merger	92587090.0	100	17
98	496	115204	0.0	0.14790344	Merger	104796540.0	100	17
99	497	115643	0.0	0.3188484	Merger	150522350.0	100	17
100	498	116177	0.0	1.0974519	Merger	140779550.0	100	17
101	499	117811	0.0	0.13533711	Merger	130846460.0	100	17
102	500	122036	0.0	0.5993065	Merger	90898584.0	100	17
103	501	125659	0.0	0.4082334	Merger	118556330.0	100	17
104	502	128369	0.0	1.1055332	Merger	87021090.0	100	17
105	503	129485	0.0	0.15238442	Merger	92975384.0	100	17
106	504	137204	0.0	0.2158223	Merger	137031040.0	100	17
107	505	137599	0.0	0.18768442	Merger	87373304.0	100	17
108	506	144569	0.0	0.10755587	Merger	84752430.0	100	17
109	507	147205	0.0	1.5575988	Merger	86017750.0	100	17
110	508	153049	0.0	1.2445498	Merger	88939550.0	100	17
111	509	157482	0.0	0.15122624	Merger	92940690.0	100	17
112	556	36927	-0.1043251600000001	0.38227925	next_progenitor	103559320.0	10	17
113	659	128307	-0.1043251600000001	0.23055325	next_progenitor	84185400.0	10	17
114	908	129235	-0.1885483000000007	0.25468695	first_progenitor	87893930.0	1	17
115	924	135959	-0.1885483000000007	0.226983	next_progenitor	130052400.0	10	17
116	929	104021	-0.1885483000000007	1.3653444	next_progenitor	242053470.0	10	17
117	1479	146583	-0.3628868807029999	0.11257809	next_progenitor	93488630.0	10	17
