	level_0	index	Subfind_ID	t-t_merg	q	Type	mass	int_type	center
0	0	0	7486	0.0	1.5017662	Merger	114814260.0	101	9
1	1	1	14163	0.0	0.16054074	Merger	102997990.0	101	9
2	2	2	1	-0.04525314493271	0.1233384	first_progenitor	408970720.0	11	9
3	3	55	426	0.0	0.7125008	Merger	1818579100.0	100	9
4	4	56	1811	0.0	0.16647348	Merger	88145900.0	100	9
5	5	57	4154	0.0	0.25314996	Merger	307355900.0	100	9
6	6	58	4538	0.0	0.35645032	Merger	164785900.0	100	9
7	7	59	4854	0.0	0.19409381	Merger	273511970.0	100	9
8	8	60	5533	0.0	0.121038504	Merger	315581820.0	100	9
9	9	61	5965	0.0	0.15091193	Merger	85221480.0	100	9
10	10	62	6227	0.0	0.19469623	Merger	111095304.0	100	9
11	11	63	8204	0.0	0.17297065	Merger	91084680.0	100	9
12	12	64	8726	0.0	0.19665523	Merger	159568960.0	100	9
13	13	65	9558	0.0	0.17095448	Merger	136240720.0	100	9
14	14	66	9672	0.0	0.14647853	Merger	149386770.0	100	9
15	15	67	11104	0.0	0.10378154	Merger	133528160.0	100	9
16	16	68	13040	0.0	0.2917145	Merger	85379050.0	100	9
17	17	69	13088	0.0	0.20476285	Merger	87570210.0	100	9
18	18	70	13547	0.0	0.11573558	Merger	128643510.0	100	9
19	19	71	14593	0.0	0.2436585	Merger	95102970.0	100	9
20	20	72	15589	0.0	0.119857505	Merger	87701690.0	100	9
21	21	73	17491	0.0	1.4692492	Merger	110291380.0	100	9
22	22	313	6884	-0.2783670349327103	0.26863194	next_progenitor	352824740.0	10	9
23	23	367	12307	-0.2783670349327103	0.34774464	next_progenitor	175737600.0	10	9
24	0	12	25119	-0.1115146599999992	0.17503673	first_progenitor	102519360.0	2	10
25	1	71	409	0.0	0.1233384	Merger	632104260.0	100	10
26	2	72	3384	0.0	0.3909859	Merger	416558980.0	100	10
27	3	73	3581	0.0	0.22532909	Merger	109691256.0	100	10
28	4	74	6855	0.0	1.1093591	Merger	533570140.0	100	10
29	5	75	6944	0.0	0.5900957	Merger	165163330.0	100	10
30	6	76	7856	0.0	0.16900943	Merger	173736500.0	100	10
31	7	77	10328	0.0	0.31377468	Merger	176199820.0	100	10
32	8	78	12233	0.0	0.16637419	Merger	117782910.0	100	10
33	9	79	12303	0.0	0.13285835	Merger	103785720.0	100	10
34	10	80	14185	0.0	0.6409007	Merger	91309020.0	100	10
35	11	81	14736	0.0	0.11059372	Merger	163338610.0	100	10
36	12	82	14915	0.0	0.2637708	Merger	148621840.0	100	10
37	13	83	16727	0.0	0.27604756	Merger	131528280.0	100	10
38	14	84	19695	0.0	0.16619468	Merger	85793784.0	100	10
39	15	105	7595	-0.0318125699999995	0.11301729	next_progenitor	323845820.0	10	10
40	16	141	19082	-0.1115146599999992	0.2672853	next_progenitor	109865050.0	10	10
41	17	162	15794	-0.1995146000000005	0.30640554	first_progenitor	96849880.0	1	10
42	0	77	385	0.0	0.112734295	Merger	297532100.0	100	11
43	1	78	924	0.0	0.1874962	Merger	2745353200.0	100	11
44	2	79	2314	0.0	1.5995151	Merger	901579460.0	100	11
45	3	80	2316	0.0	0.20464721	Merger	144416160.0	100	11
46	4	81	3924	0.0	0.101540014	Merger	334693380.0	100	11
47	5	82	4435	0.0	0.82017946	Merger	91039040.0	100	11
48	6	83	7954	0.0	1.9009542	Merger	270783870.0	100	11
49	7	84	11569	0.0	0.16693504	Merger	400893540.0	100	11
50	8	85	14471	0.0	0.13413164	Merger	97741730.0	100	11
51	9	86	16271	0.0	0.12810855	Merger	147231180.0	100	11
52	10	87	17964	0.0	0.13980803	Merger	151704560.0	100	11
53	11	88	18073	0.0	0.14975406	Merger	99507304.0	100	11
54	12	89	19229	0.0	0.118306644	Merger	181567890.0	100	11
55	13	90	23232	0.0	0.3760174	Merger	112792230.0	100	11
56	14	91	27403	0.0	0.11301729	Merger	95078456.0	100	11
57	15	92	32682	0.0	0.13025865	Merger	85707416.0	100	11
58	16	93	33063	0.0	0.10559836	Merger	99032824.0	100	11
59	17	94	33825	0.0	0.17590365	Merger	90348264.0	100	11
60	18	120	18925	-0.0797020899999996	0.5405439	first_progenitor	172241260.0	1	11
61	19	148	7688	-0.1677020300000009	0.5119674	first_progenitor	239991870.0	1	11
62	20	203	20723	-0.1677020300000009	0.3852322	first_progenitor	144934860.0	1	11
63	21	395	21745	-0.2721656699999997	0.5152683	first_progenitor	136547660.0	1	11
64	22	462	21915	-0.3482098800000006	0.40785822	next_progenitor	202507410.0	10	11
65	23	530	24758	-0.3482098800000006	0.1738987	first_progenitor	85155440.0	1	11
66	0	110	438	0.0	0.23595154	Merger	12118010000.0	100	12
67	1	111	2215	0.0	1.7433566	Merger	2119236200.0	100	12
68	2	112	5688	0.0	0.19109929	Merger	1560859600.0	100	12
69	3	113	5957	0.0	0.2079543	Merger	139385220.0	100	12
70	4	114	6390	0.0	1.1339469	Merger	84661170.0	100	12
71	5	115	8381	0.0	0.10882452	Merger	916127300.0	100	12
72	6	116	17111	0.0	0.10060059	Merger	270554800.0	100	12
73	7	117	17253	0.0	0.1790831	Merger	331017860.0	100	12
74	8	118	17289	0.0	0.10091216	Merger	161913540.0	100	12
75	9	119	17503	0.0	0.17105013	Merger	158885170.0	100	12
76	10	120	22182	0.0	0.24740256	Merger	186502380.0	100	12
77	11	121	23448	0.0	0.8406721	Merger	266706700.0	100	12
78	12	122	23977	0.0	0.25112277	Merger	182851260.0	100	12
79	13	123	25323	0.0	0.17503673	Merger	98663800.0	100	12
80	14	124	25483	0.0	0.52921563	Merger	149297170.0	100	12
81	15	125	26839	0.0	0.13010362	Merger	150373300.0	100	12
82	16	126	28490	0.0	0.5405439	Merger	208685420.0	100	12
83	17	127	30073	0.0	0.2672853	Merger	114877470.0	100	12
84	18	128	33916	0.0	0.11264139	Merger	129517340.0	100	12
85	19	129	35071	0.0	0.4080877	Merger	101209380.0	100	12
86	20	130	36336	0.0	0.11066282	Merger	135638370.0	100	12
87	21	131	40483	0.0	0.20195916	Merger	113634220.0	100	12
88	22	132	42408	0.0	0.11141799	Merger	93613380.0	100	12
89	23	155	12792	-0.0879999400000013	0.21289493	first_progenitor	752315840.0	1	12
90	24	174	17767	-0.0879999400000013	0.6231339	next_progenitor	247569740.0	10	12
91	25	230	37912	-0.0879999400000013	0.22584723	first_progenitor	172027680.0	1	12
92	26	315	19593	-0.121599230000001	0.10652973	first_progenitor	364872540.0	1	12
93	27	439	15902	-0.268507790000001	0.3065571	next_progenitor	244492800.0	10	12
94	28	488	38261	-0.268507790000001	0.16465916	next_progenitor	92893260.0	10	12
95	29	648	25211	-0.3333214400000006	1.0661869	next_progenitor	180774460.0	10	12
96	0	87	17491	0.2447677449327105	1.4692492	Descendant	703666000.0	1000	13
97	1	119	33825	0.1677020300000009	0.17590365	Descendant	95091620.0	1000	13
98	2	138	2878	0.0	0.10125647	Merger	96642920.0	100	13
99	3	139	6334	0.0	0.25367612	Merger	152160340.0	100	13
100	4	140	6335	0.0	0.5139543	Merger	104293050.0	100	13
101	5	141	6690	0.0	0.21855128	Merger	219815060.0	100	13
102	6	142	8317	0.0	0.2324089	Merger	589339650.0	100	13
103	7	143	9834	0.0	0.15132529	Merger	173677460.0	100	13
104	8	144	10053	0.0	0.86982906	Merger	197061300.0	100	13
105	9	145	10849	0.0	0.25961024	Merger	474337180.0	100	13
106	10	146	11206	0.0	0.30640554	Merger	220654820.0	100	13
107	11	147	13035	0.0	0.5119674	Merger	1082256300.0	100	13
108	12	148	13141	0.0	0.20558754	Merger	122831670.0	100	13
109	13	149	15760	0.0	0.13110752	Merger	869059260.0	100	13
110	14	150	16042	0.0	0.12977917	Merger	417295580.0	100	13
111	15	151	16177	0.0	0.2051207	Merger	791909800.0	100	13
112	16	152	17164	0.0	0.21289493	Merger	182636240.0	100	13
113	17	153	18077	0.0	0.14603616	Merger	216536350.0	100	13
114	18	154	18496	0.0	0.7439799	Merger	240012530.0	100	13
115	19	155	19744	0.0	0.34395814	Merger	349648030.0	100	13
116	20	156	21438	0.0	0.121951886	Merger	341866200.0	100	13
117	21	157	22275	0.0	0.18845071	Merger	327899620.0	100	13
118	22	158	24450	0.0	0.19062717	Merger	113551090.0	100	13
119	23	159	24759	0.0	0.1826363	Merger	274198370.0	100	13
120	24	160	24841	0.0	0.105632976	Merger	167411620.0	100	13
121	25	161	26240	0.0	0.21496466	Merger	412987500.0	100	13
122	26	162	27446	0.0	0.3049769	Merger	129985300.0	100	13
123	27	163	28681	0.0	0.65438193	Merger	102572590.0	100	13
124	28	164	29298	0.0	0.124486856	Merger	190785600.0	100	13
125	29	165	29476	0.0	0.6231339	Merger	322715100.0	100	13
126	30	166	29832	0.0	0.12347769	Merger	136356370.0	100	13
127	31	167	29906	0.0	0.17442277	Merger	172448240.0	100	13
128	32	168	30165	0.0	0.27740628	Merger	235932110.0	100	13
129	33	169	30609	0.0	0.11807453	Merger	175752960.0	100	13
130	34	170	31674	0.0	0.13404821	Merger	198367070.0	100	13
131	35	171	31719	0.0	0.21363698	Merger	242895120.0	100	13
132	36	172	32311	0.0	0.17021939	Merger	259008960.0	100	13
133	37	173	32656	0.0	0.122673005	Merger	155831680.0	100	13
134	38	174	33374	0.0	0.10001997	Merger	157321820.0	100	13
135	39	175	35622	0.0	0.1144097	Merger	107372424.0	100	13
136	40	176	35735	0.0	0.12385169	Merger	128422216.0	100	13
137	41	177	38447	0.0	0.43785855	Merger	213694780.0	100	13
138	42	178	38656	0.0	1.5993571	Merger	232875920.0	100	13
139	43	179	39942	0.0	0.3852322	Merger	191080370.0	100	13
140	44	180	42165	0.0	0.10616053	Merger	153382640.0	100	13
141	45	181	43319	0.0	0.20264558	Merger	165762320.0	100	13
142	46	182	44009	0.0	0.75387996	Merger	121054510.0	100	13
143	47	183	44201	0.0	0.122840375	Merger	187819980.0	100	13
144	48	184	44420	0.0	0.14811787	Merger	86589770.0	100	13
145	49	185	44600	0.0	0.86183393	Merger	189044460.0	100	13
146	50	186	45040	0.0	0.52269495	Merger	106238340.0	100	13
147	51	187	45613	0.0	1.8031561	Merger	126031260.0	100	13
148	52	188	46020	0.0	0.86542624	Merger	125169224.0	100	13
149	53	189	46514	0.0	2.018713	Merger	159140580.0	100	13
150	54	190	47576	0.0	0.10519914	Merger	157781800.0	100	13
151	55	191	47665	0.0	1.4936962	Merger	125997490.0	100	13
152	56	192	49714	0.0	0.117356114	Merger	112630450.0	100	13
153	57	193	50703	0.0	0.40364376	Merger	98274856.0	100	13
154	58	194	51244	0.0	0.17065224	Merger	117188820.0	100	13
155	59	195	52052	0.0	0.15395568	Merger	162334780.0	100	13
156	60	196	52199	0.0	0.11266338	Merger	123284320.0	100	13
157	61	197	53573	0.0	0.22584723	Merger	112148170.0	100	13
158	62	198	53770	0.0	0.20032579	Merger	97773390.0	100	13
159	63	199	53991	0.0	0.16647287	Merger	125438260.0	100	13
160	64	200	54828	0.0	0.20047438	Merger	90834740.0	100	13
161	65	201	55309	0.0	0.75084794	Merger	178009680.0	100	13
162	66	202	59973	0.0	0.116637506	Merger	94837624.0	100	13
163	67	203	60155	0.0	0.21622083	Merger	173529860.0	100	13
164	68	204	60399	0.0	0.1363602	Merger	89806510.0	100	13
165	69	205	60430	0.0	1.4322898	Merger	127137750.0	100	13
166	70	206	60766	0.0	0.76879084	Merger	108856060.0	100	13
167	71	207	63381	0.0	0.37971926	Merger	132303260.0	100	13
168	72	208	64040	0.0	0.22736602	Merger	106132670.0	100	13
169	73	209	64153	0.0	0.7672431	Merger	89789096.0	100	13
170	74	210	66724	0.0	0.879683	Merger	133625720.0	100	13
171	75	211	69065	0.0	2.477041	Merger	95199816.0	100	13
172	76	212	74986	0.0	0.24109843	Merger	107737030.0	100	13
173	77	457	33607	-0.1805078499999997	0.89213353	next_progenitor	223455070.0	10	13
174	78	499	51875	-0.1805078499999997	0.97303	first_progenitor	117539050.0	1	13
175	79	554	27146	-0.2453214999999993	0.7666664	first_progenitor	218849680.0	1	13
176	80	783	27526	-0.3496466599999994	0.7798524	next_progenitor	345942140.0	10	13
177	81	916	26459	-0.4338698000000001	0.3638047	next_progenitor	208432140.0	10	13
178	0	2	33916	0.121599230000001	0.11264139	Descendant	302734500.0	1010	14
179	1	118	23232	0.2013013200000006	0.3760174	Descendant	132094630.0	1000	14
180	2	136	25323	0.121599230000001	0.17503673	Descendant	233405170.0	1000	14
181	3	178	44600	0.0335992899999997	0.86183393	Descendant	162355260.0	1000	14
182	4	202	939	0.0	0.2720395	Merger	3816024600.0	100	14
183	5	203	1356	0.0	0.4111805	Merger	90555530.0	100	14
184	6	204	4301	0.0	0.13865758	Merger	5717699600.0	100	14
185	7	205	5471	0.0	0.103623405	Merger	177144000.0	100	14
186	8	206	7959	0.0	0.24114934	Merger	3414269400.0	100	14
187	9	207	8300	0.0	0.34154102	Merger	586894200.0	100	14
188	10	208	8856	0.0	0.26507962	Merger	268026770.0	100	14
189	11	209	9745	0.0	0.19023661	Merger	100205310.0	100	14
190	12	210	10344	0.0	0.16127405	Merger	308886940.0	100	14
191	13	211	10806	0.0	0.11151831	Merger	479727500.0	100	14
192	14	212	10992	0.0	0.25601852	Merger	440332860.0	100	14
193	15	213	12178	0.0	0.9738591	Merger	86506960.0	100	14
194	16	214	15336	0.0	0.1106282	Merger	129786690.0	100	14
195	17	215	18816	0.0	0.106793374	Merger	173117330.0	100	14
196	18	216	20919	0.0	0.19502757	Merger	455170240.0	100	14
197	19	217	21469	0.0	0.10340487	Merger	397738660.0	100	14
198	20	218	22072	0.0	0.26863194	Merger	611895550.0	100	14
199	21	219	23233	0.0	0.19393334	Merger	136687470.0	100	14
200	22	220	25259	0.0	0.1791626	Merger	320689200.0	100	14
201	23	221	26269	0.0	0.6263262	Merger	86074700.0	100	14
202	24	222	26485	0.0	2.7572954	Merger	239172580.0	100	14
203	25	223	28589	0.0	0.18406387	Merger	494717400.0	100	14
204	26	224	28911	0.0	0.12367003	Merger	275540540.0	100	14
205	27	225	31444	0.0	1.3527708	Merger	207581860.0	100	14
206	28	226	33964	0.0	0.10293224	Merger	165762820.0	100	14
207	29	227	37383	0.0	0.11341069	Merger	122048930.0	100	14
208	30	228	37937	0.0	0.12416678	Merger	272141300.0	100	14
209	31	229	38501	0.0	0.13442923	Merger	141366900.0	100	14
210	32	230	39419	0.0	0.12691496	Merger	401209950.0	100	14
211	33	231	40164	0.0	0.18790852	Merger	195418260.0	100	14
212	34	232	40754	0.0	0.28560287	Merger	269576100.0	100	14
213	35	233	41284	0.0	0.30425945	Merger	93035530.0	100	14
214	36	234	42381	0.0	0.2008538	Merger	228854020.0	100	14
215	37	235	43860	0.0	0.16497752	Merger	170948130.0	100	14
216	38	236	45347	0.0	0.10652973	Merger	215910080.0	100	14
217	39	237	45424	0.0	0.30292466	Merger	239383790.0	100	14
218	40	238	47766	0.0	1.0508567	Merger	125819704.0	100	14
219	41	239	47984	0.0	0.15804994	Merger	165251100.0	100	14
220	42	240	48794	0.0	0.18414244	Merger	116693180.0	100	14
221	43	241	52183	0.0	1.966183	Merger	98978960.0	100	14
222	44	242	52316	0.0	0.1921126	Merger	191565630.0	100	14
223	45	243	52376	0.0	1.6736143	Merger	130259990.0	100	14
224	46	244	52848	0.0	0.1261543	Merger	140314600.0	100	14
225	47	245	53005	0.0	0.10224461	Merger	145854320.0	100	14
226	48	246	53189	0.0	0.116926104	Merger	136901970.0	100	14
227	49	247	53619	0.0	0.23128931	Merger	178502690.0	100	14
228	50	248	53939	0.0	0.16929583	Merger	167359340.0	100	14
229	51	249	54301	0.0	0.34774464	Merger	155184270.0	100	14
230	52	250	56876	0.0	2.330016	Merger	128544530.0	100	14
231	53	251	59682	0.0	0.5335556	Merger	99115760.0	100	14
232	54	252	59868	0.0	0.16290341	Merger	90327350.0	100	14
233	55	253	64573	0.0	0.17295219	Merger	151030900.0	100	14
234	56	254	64931	0.0	0.41073692	Merger	155432220.0	100	14
235	57	255	67628	0.0	0.107980445	Merger	87170940.0	100	14
236	58	256	67980	0.0	0.12574121	Merger	119093520.0	100	14
237	59	257	70391	0.0	0.21807808	Merger	93702250.0	100	14
238	60	258	74327	0.0	0.37469134	Merger	110265270.0	100	14
239	61	259	80478	0.0	0.12665087	Merger	92261480.0	100	14
240	62	260	83437	0.0	0.1810948	Merger	102445580.0	100	14
241	63	279	18081	-0.070864349999999	0.2818393	next_progenitor	362365020.0	10	14
242	64	410	61109	-0.1469085599999999	0.2861299	next_progenitor	84305130.0	10	14
243	65	417	54949	-0.1469085599999999	0.14883043	next_progenitor	134706820.0	10	14
244	66	916	66883	-0.4002705100000003	0.123923235	next_progenitor	100520120.0	10	14
245	67	1026	66776	-0.4002705100000003	0.934904	next_progenitor	101096856.0	10	14
246	68	1028	73052	-0.4002705100000003	0.21483184	next_progenitor	94800480.0	10	14
247	0	16	29249	0.0	0.14546192	Merger	153429280.0	101	15
248	1	218	53770	0.1044636399999987	0.20032579	Descendant	214829950.0	1000	15
249	2	268	53939	0.070864349999999	0.16929583	Descendant	250518430.0	1000	15
250	3	276	70391	0.070864349999999	0.21807808	Descendant	97536984.0	1000	15
251	4	280	3013	0.0	0.3068012	Merger	8590985000.0	100	15
252	5	281	3014	0.0	0.13582732	Merger	1238880400.0	100	15
253	6	282	3015	0.0	1.2138859	Merger	347378600.0	100	15
254	7	283	8464	0.0	0.21009316	Merger	131024504.0	100	15
255	8	284	9373	0.0	0.12968549	Merger	284070750.0	100	15
256	9	285	10920	0.0	0.20013513	Merger	92506870.0	100	15
257	10	286	11712	0.0	0.25798124	Merger	2146688400.0	100	15
258	11	287	15152	0.0	0.13028023	Merger	401264830.0	100	15
259	12	288	15830	0.0	0.12953582	Merger	719983940.0	100	15
260	13	289	17899	0.0	0.5193281	Merger	1908052400.0	100	15
261	14	290	18266	0.0	0.15500242	Merger	367533950.0	100	15
262	15	291	20655	0.0	1.6683372	Merger	580463040.0	100	15
263	16	292	23407	0.0	0.2818393	Merger	468429380.0	100	15
264	17	293	26751	0.0	1.704677	Merger	96309000.0	100	15
265	18	294	32490	0.0	0.15467116	Merger	394670200.0	100	15
266	19	295	32896	0.0	0.15410559	Merger	344072540.0	100	15
267	20	296	33342	0.0	0.18936935	Merger	222689940.0	100	15
268	21	297	33438	0.0	0.11607247	Merger	275357540.0	100	15
269	22	298	38138	0.0	2.0895941	Merger	98745040.0	100	15
270	23	299	38870	0.0	0.5152683	Merger	223512910.0	100	15
271	24	300	41386	0.0	0.18344569	Merger	175439860.0	100	15
272	25	301	42252	0.0	0.46187863	Merger	241672020.0	100	15
273	26	302	53881	0.0	1.5193444	Merger	170208370.0	100	15
274	27	303	57457	0.0	0.23674993	Merger	139705840.0	100	15
275	28	304	59830	0.0	1.3025488	Merger	167696690.0	100	15
276	29	305	62145	0.0	0.3618392	Merger	243631150.0	100	15
277	30	306	62222	0.0	0.10106364	Merger	150058910.0	100	15
278	31	307	62379	0.0	0.66861016	Merger	167649460.0	100	15
279	32	308	63532	0.0	0.23665032	Merger	103639224.0	100	15
280	33	309	64201	0.0	0.17316982	Merger	175012780.0	100	15
281	34	310	68526	0.0	0.12330645	Merger	146163020.0	100	15
282	35	311	71615	0.0	0.10810824	Merger	125465300.0	100	15
283	36	312	71895	0.0	0.3591738	Merger	95347620.0	100	15
284	37	313	72696	0.0	0.18036062	Merger	175497970.0	100	15
285	38	314	73172	0.0	0.2866446	Merger	161952100.0	100	15
286	39	315	74814	0.0	0.103282295	Merger	112060230.0	100	15
287	40	316	75841	0.0	1.0312872	Merger	106766670.0	100	15
288	41	317	77852	0.0	0.10029049	Merger	99746264.0	100	15
289	42	318	79597	0.0	0.20681362	Merger	112231496.0	100	15
290	43	319	79629	0.0	0.37916648	Merger	149426780.0	100	15
291	44	320	80156	0.0	1.1912884	Merger	99702200.0	100	15
292	45	321	87562	0.0	0.19137862	Merger	86557540.0	100	15
293	46	322	95643	0.0	0.13000241	Merger	132166970.0	100	15
294	47	346	31726	-0.0760442100000009	0.19326612	first_progenitor	106496344.0	1	15
295	48	414	66361	-0.0760442100000009	0.17370342	first_progenitor	188964540.0	1	15
296	49	463	5487	-0.1408578600000005	0.17804465	next_progenitor	731602370.0	10	15
297	50	582	63103	-0.1408578600000005	0.48965532	first_progenitor	113104800.0	1	15
298	51	636	79966	-0.1408578600000005	0.4082334	next_progenitor	136210450.0	10	15
299	52	680	27878	-0.2451830200000007	0.16654414	first_progenitor	656289150.0	1	15
300	53	860	52257	-0.3294061600000013	0.86173934	first_progenitor	90860820.0	1	15
301	54	1038	91900	-0.3294061600000013	0.18459684	next_progenitor	97275030.0	10	15
302	0	117	17491	0.4252755949327103	1.4692492	Descendant	2236375600.0	1000	16
303	1	316	23407	0.0760442100000009	0.2818393	Descendant	1161831400.0	1000	16
304	2	343	10841	0.0	0.13527536	Merger	105904220.0	100	16
305	3	344	13474	0.0	0.15902491	Merger	96753360.0	100	16
306	4	345	15859	0.0	0.21884185	Merger	656285500.0	100	16
307	5	346	18808	0.0	0.12321083	Merger	1835637500.0	100	16
308	6	347	19761	0.0	0.21205863	Merger	121959704.0	100	16
309	7	348	21358	0.0	0.11808162	Merger	2177175000.0	100	16
310	8	349	22888	0.0	0.20695333	Merger	766141700.0	100	16
311	9	350	23538	0.0	0.3065571	Merger	958113100.0	100	16
312	10	351	24795	0.0	0.4750836	Merger	707830600.0	100	16
313	11	352	25719	0.0	0.14624692	Merger	690048000.0	100	16
314	12	353	26204	0.0	1.107653	Merger	967375200.0	100	16
315	13	354	27974	0.0	0.9430547	Merger	733246700.0	100	16
316	14	355	28292	0.0	0.21299241	Merger	464657060.0	100	16
317	15	356	28833	0.0	0.11788981	Merger	480958620.0	100	16
318	16	357	29543	0.0	1.2629613	Merger	261964940.0	100	16
319	17	358	32182	0.0	0.19326612	Merger	403263870.0	100	16
320	18	359	33978	0.0	0.40785822	Merger	988212740.0	100	16
321	19	360	35371	0.0	0.43652907	Merger	782892740.0	100	16
322	20	361	36169	0.0	0.188479	Merger	154598200.0	100	16
323	21	362	43390	0.0	0.33178386	Merger	256065460.0	100	16
324	22	363	43552	0.0	1.2847502	Merger	590380100.0	100	16
325	23	364	45649	0.0	0.16048294	Merger	216719550.0	100	16
326	24	365	49186	0.0	0.23147942	Merger	250585380.0	100	16
327	25	366	49424	0.0	0.12791629	Merger	109152040.0	100	16
328	26	367	49597	0.0	1.3252118	Merger	120079610.0	100	16
329	27	368	49756	0.0	0.108012445	Merger	385211420.0	100	16
330	28	369	51354	0.0	0.13936184	Merger	151595890.0	100	16
331	29	370	51648	0.0	0.85779047	Merger	349532030.0	100	16
332	30	371	54591	0.0	1.6594245	Merger	161140960.0	100	16
333	31	372	56146	0.0	0.16998622	Merger	85511170.0	100	16
334	32	373	57711	0.0	0.17708202	Merger	307216200.0	100	16
335	33	374	60964	0.0	0.61911076	Merger	152630670.0	100	16
336	34	375	63968	0.0	0.82881325	Merger	117938940.0	100	16
337	35	376	67427	0.0	0.4868743	Merger	198844540.0	100	16
338	36	377	68696	0.0	0.53601056	Merger	120008500.0	100	16
339	37	378	69491	0.0	0.16465916	Merger	100500424.0	100	16
340	38	379	69934	0.0	1.0152146	Merger	235436180.0	100	16
341	39	380	70980	0.0	0.14717907	Merger	165160560.0	100	16
342	40	381	71185	0.0	0.98809934	Merger	101386280.0	100	16
343	41	382	71975	0.0	0.4343274	Merger	221195180.0	100	16
344	42	383	72564	0.0	0.89213353	Merger	95449180.0	100	16
345	43	384	73155	0.0	0.6951173	Merger	252058460.0	100	16
346	44	385	74612	0.0	0.34809214	Merger	115476770.0	100	16
347	45	386	75220	0.0	0.15779805	Merger	92951760.0	100	16
348	46	387	75608	0.0	1.0308341	Merger	115037300.0	100	16
349	47	388	78238	0.0	0.2861299	Merger	162423120.0	100	16
350	48	389	80788	0.0	0.16185486	Merger	187227140.0	100	16
351	49	390	82045	0.0	0.1579066	Merger	180343520.0	100	16
352	50	391	82614	0.0	0.19147402	Merger	106700760.0	100	16
353	51	392	82975	0.0	0.14883043	Merger	134073900.0	100	16
354	52	393	83328	0.0	0.12790757	Merger	123248450.0	100	16
355	53	394	84594	0.0	0.1544124	Merger	184503630.0	100	16
356	54	395	85342	0.0	0.14996919	Merger	152146700.0	100	16
357	55	396	86403	0.0	0.17370342	Merger	143447410.0	100	16
358	56	397	87041	0.0	0.1738987	Merger	120277960.0	100	16
359	57	398	90682	0.0	0.26172078	Merger	95194500.0	100	16
360	58	399	92169	0.0	0.34014332	Merger	167437490.0	100	16
361	59	400	93602	0.0	0.9542268	Merger	165767920.0	100	16
362	60	401	94191	0.0	0.23078837	Merger	125081430.0	100	16
363	61	402	94342	0.0	0.22648351	Merger	122589960.0	100	16
364	62	403	94566	0.0	0.15854278	Merger	119086320.0	100	16
365	63	404	95392	0.0	0.81771815	Merger	117200520.0	100	16
366	64	405	97011	0.0	0.97303	Merger	106609450.0	100	16
367	65	406	102347	0.0	0.4862109	Merger	109083464.0	100	16
368	66	407	107379	0.0	0.11319851	Merger	87100104.0	100	16
369	67	408	108095	0.0	0.8128654	Merger	116889850.0	100	16
370	68	409	110405	0.0	0.20284298	Merger	89697890.0	100	16
371	69	410	110815	0.0	1.3013507	Merger	97129900.0	100	16
372	70	411	110997	0.0	0.40761924	Merger	128722620.0	100	16
373	71	412	112638	0.0	0.2101916	Merger	91372120.0	100	16
374	72	413	112727	0.0	0.8417415	Merger	103117470.0	100	16
375	73	414	114438	0.0	0.20674653	Merger	93694780.0	100	16
376	74	415	118270	0.0	0.13122135	Merger	87347130.0	100	16
377	75	416	120635	0.0	1.003746	Merger	120412690.0	100	16
378	76	417	123548	0.0	0.14860225	Merger	102645810.0	100	16
379	77	418	125983	0.0	0.13630678	Merger	120266104.0	100	16
380	78	419	128084	0.0	0.13390648	Merger	87440216.0	100	16
381	79	447	31823	-0.0648136499999996	0.10970655	first_progenitor	542126340.0	1	16
382	80	464	27015	-0.0648136499999996	0.328153	first_progenitor	647243140.0	1	16
383	81	525	74321	-0.0648136499999996	0.14295755	next_progenitor	206102080.0	10	16
384	82	617	13472	-0.1691388099999997	0.24334371	next_progenitor	241870140.0	10	16
385	83	680	54363	-0.1691388099999997	0.2418793	next_progenitor	275070620.0	10	16
386	84	749	102852	-0.1691388099999997	0.16836001	next_progenitor	92545190.0	10	16
387	85	800	31529	-0.2533619500000004	1.4535803	first_progenitor	131471440.0	1	16
388	86	801	31528	-0.2533619500000004	1.4535803	next_progenitor	116891496.0	10	16
389	87	882	79387	-0.2533619500000004	0.9981635	next_progenitor	198842000.0	10	16
390	88	925	77436	-0.2533619500000004	0.107756115	next_progenitor	182665980.0	10	16
391	89	963	86923	-0.2533619500000004	0.934904	first_progenitor	84867660.0	1	16
392	90	1017	116037	-0.2533619500000004	0.12935013	first_progenitor	126582024.0	1	16
393	91	1072	22741	-0.35339338	0.21675333	next_progenitor	2034312100.0	10	16
394	92	1089	39787	-0.35339338	0.31928515	first_progenitor	125918840.0	1	16
395	93	1208	83006	-0.35339338	0.14817451	first_progenitor	85440510.0	1	16
396	94	1215	84219	-0.35339338	0.19776303	next_progenitor	179126300.0	10	16
397	95	1302	117981	-0.35339338	0.14677307	first_progenitor	95262380.0	1	16
398	96	1344	15623	-0.4277005307029995	0.37566203	first_progenitor	801087360.0	1	16
399	0	271	42381	0.2117222099999995	0.2008538	Descendant	330688600.0	1000	17
400	1	283	53189	0.2117222099999995	0.116926104	Descendant	258129040.0	1000	17
401	2	395	114438	0.0648136499999996	0.20674653	Descendant	109722610.0	1000	17
402	3	401	3123	0.0	0.11167824	Merger	383152450.0	100	17
403	4	402	6714	0.0	0.10338404	Merger	329703200.0	100	17
404	5	403	8141	0.0	0.17804465	Merger	460388860.0	100	17
405	6	404	8706	0.0	0.17499305	Merger	129697280.0	100	17
406	7	405	9600	0.0	0.120536655	Merger	4629218000.0	100	17
407	8	406	9601	0.0	0.14795804	Merger	207778750.0	100	17
408	9	407	9603	0.0	1.1009402	Merger	149924540.0	100	17
409	10	408	14808	0.0	0.1209757	Merger	4577594000.0	100	17
410	11	409	15485	0.0	0.192465	Merger	134169120.0	100	17
411	12	410	17455	0.0	0.12190607	Merger	2474855200.0	100	17
412	13	411	18813	0.0	0.120216034	Merger	255503840.0	100	17
413	14	412	26007	0.0	0.117366865	Merger	1113450400.0	100	17
414	15	413	27072	0.0	0.38094917	Merger	370693800.0	100	17
415	16	414	28248	0.0	0.15995298	Merger	537559900.0	100	17
416	17	415	29562	0.0	0.13747142	Merger	1717286500.0	100	17
417	18	416	36269	0.0	0.13405359	Merger	1150627500.0	100	17
418	19	417	36365	0.0	0.26626387	Merger	198436140.0	100	17
419	20	418	36718	0.0	0.10970655	Merger	711607200.0	100	17
420	21	419	36824	0.0	0.7666664	Merger	423463460.0	100	17
421	22	420	39121	0.0	0.5725439	Merger	477436100.0	100	17
422	23	421	40723	0.0	1.0610535	Merger	362622400.0	100	17
423	24	422	40911	0.0	0.29483426	Merger	630614660.0	100	17
424	25	423	40988	0.0	0.12923382	Merger	608486900.0	100	17
425	26	424	41547	0.0	1.1678483	Merger	613320500.0	100	17
426	27	425	41625	0.0	0.2476241	Merger	853252000.0	100	17
427	28	426	42732	0.0	1.0364394	Merger	541634100.0	100	17
428	29	427	45396	0.0	2.0122254	Merger	453865500.0	100	17
429	30	428	47168	0.0	0.102995455	Merger	370073570.0	100	17
430	31	429	47462	0.0	0.328153	Merger	292036480.0	100	17
431	32	430	49997	0.0	0.2929723	Merger	688125400.0	100	17
432	33	431	54801	0.0	0.5019137	Merger	107042104.0	100	17
433	34	432	55476	0.0	0.12175067	Merger	469164700.0	100	17
434	35	433	55731	0.0	1.8553586	Merger	190474580.0	100	17
435	36	434	56022	0.0	0.1652504	Merger	150255820.0	100	17
436	37	435	56799	0.0	0.24101606	Merger	342760500.0	100	17
437	38	436	58063	0.0	0.13262391	Merger	137500380.0	100	17
438	39	437	58580	0.0	0.12431721	Merger	356986000.0	100	17
439	40	438	59218	0.0	1.5658638	Merger	217503580.0	100	17
440	41	439	59748	0.0	0.45501518	Merger	265359800.0	100	17
441	42	440	61020	0.0	0.1564461	Merger	258113260.0	100	17
442	43	441	61641	0.0	3.058827	Merger	214361300.0	100	17
443	44	442	62138	0.0	0.11137325	Merger	159280220.0	100	17
444	45	443	62208	0.0	0.4803384	Merger	198623180.0	100	17
445	46	444	62673	0.0	0.27732193	Merger	299783000.0	100	17
446	47	445	65516	0.0	0.10981266	Merger	192797740.0	100	17
447	48	446	68612	0.0	0.12989913	Merger	270648770.0	100	17
448	49	447	69602	0.0	0.14858124	Merger	214744240.0	100	17
449	50	448	69672	0.0	0.22658014	Merger	278505820.0	100	17
450	51	449	70428	0.0	1.409432	Merger	143113150.0	100	17
451	52	450	73480	0.0	0.45572853	Merger	238019600.0	100	17
452	53	451	73963	0.0	0.17648932	Merger	157079800.0	100	17
453	54	452	74853	0.0	0.12522732	Merger	204226640.0	100	17
454	55	453	75726	0.0	1.0661869	Merger	317556740.0	100	17
455	56	454	76289	0.0	0.12878603	Merger	153843040.0	100	17
456	57	455	77697	0.0	0.16812544	Merger	139177980.0	100	17
457	58	456	78505	0.0	0.15677923	Merger	251391500.0	100	17
458	59	457	79479	0.0	0.10591092	Merger	160196620.0	100	17
459	60	458	80889	0.0	0.13942426	Merger	177934750.0	100	17
460	61	459	82637	0.0	0.13767348	Merger	280588900.0	100	17
461	62	460	84851	0.0	0.1511305	Merger	171770000.0	100	17
462	63	461	85858	0.0	0.39808723	Merger	212997820.0	100	17
463	64	462	86978	0.0	0.2323723	Merger	113474890.0	100	17
464	65	463	88690	0.0	0.14295755	Merger	169655580.0	100	17
465	66	464	88922	0.0	1.9824861	Merger	111134600.0	100	17
466	67	465	89071	0.0	0.12824023	Merger	104783336.0	100	17
467	68	466	90106	0.0	0.69011927	Merger	111080060.0	100	17
468	69	467	90220	0.0	0.15191428	Merger	199447600.0	100	17
469	70	468	90323	0.0	0.2735446	Merger	293727260.0	100	17
470	71	469	90431	0.0	0.16513656	Merger	211073730.0	100	17
471	72	470	91249	0.0	0.19789185	Merger	150509300.0	100	17
472	73	471	93011	0.0	0.1832711	Merger	193515020.0	100	17
473	74	472	93052	0.0	0.48965532	Merger	172020560.0	100	17
474	75	473	93457	0.0	0.3852884	Merger	120922520.0	100	17
475	76	474	94132	0.0	0.20017132	Merger	210104660.0	100	17
476	77	475	94681	0.0	2.4471865	Merger	147341180.0	100	17
477	78	476	95012	0.0	0.75859666	Merger	124281620.0	100	17
478	79	477	96072	0.0	0.21573195	Merger	99063440.0	100	17
479	80	478	98082	0.0	1.1416358	Merger	131179290.0	100	17
480	81	479	98660	0.0	0.10077794	Merger	137846660.0	100	17
481	82	480	101376	0.0	3.471224	Merger	229856500.0	100	17
482	83	481	101758	0.0	0.12545824	Merger	149122370.0	100	17
483	84	482	102132	0.0	0.15284362	Merger	120380180.0	100	17
484	85	483	102606	0.0	0.18127368	Merger	128633350.0	100	17
485	86	484	103743	0.0	0.25084946	Merger	186381890.0	100	17
486	87	485	104783	0.0	0.33547494	Merger	114947680.0	100	17
487	88	486	106633	0.0	1.4760436	Merger	146735040.0	100	17
488	89	487	107032	0.0	0.113046624	Merger	107507620.0	100	17
489	90	488	108048	0.0	1.4323698	Merger	137142400.0	100	17
490	91	489	108484	0.0	1.1366198	Merger	84478500.0	100	17
491	92	490	109621	0.0	0.14793926	Merger	99427530.0	100	17
492	93	491	109779	0.0	0.11980018	Merger	133456296.0	100	17
493	94	492	111008	0.0	0.7393178	Merger	155604080.0	100	17
494	95	493	111864	0.0	0.16668032	Merger	89331260.0	100	17
495	96	494	111901	0.0	1.2086606	Merger	110655496.0	100	17
496	97	495	112372	0.0	0.20394707	Merger	92587090.0	100	17
497	98	496	115204	0.0	0.14790344	Merger	104796540.0	100	17
498	99	497	115643	0.0	0.3188484	Merger	150522350.0	100	17
499	100	498	116177	0.0	1.0974519	Merger	140779550.0	100	17
500	101	499	117811	0.0	0.13533711	Merger	130846460.0	100	17
501	102	500	122036	0.0	0.5993065	Merger	90898584.0	100	17
502	103	501	125659	0.0	0.4082334	Merger	118556330.0	100	17
503	104	502	128369	0.0	1.1055332	Merger	87021090.0	100	17
504	105	503	129485	0.0	0.15238442	Merger	92975384.0	100	17
505	106	504	137204	0.0	0.2158223	Merger	137031040.0	100	17
506	107	505	137599	0.0	0.18768442	Merger	87373304.0	100	17
507	108	506	144569	0.0	0.10755587	Merger	84752430.0	100	17
508	109	507	147205	0.0	1.5575988	Merger	86017750.0	100	17
509	110	508	153049	0.0	1.2445498	Merger	88939550.0	100	17
510	111	509	157482	0.0	0.15122624	Merger	92940690.0	100	17
511	112	556	36927	-0.1043251600000001	0.38227925	next_progenitor	103559320.0	10	17
512	113	659	128307	-0.1043251600000001	0.23055325	next_progenitor	84185400.0	10	17
513	114	908	129235	-0.1885483000000007	0.25468695	first_progenitor	87893930.0	1	17
514	115	924	135959	-0.1885483000000007	0.226983	next_progenitor	130052400.0	10	17
515	116	929	104021	-0.1885483000000007	1.3653444	next_progenitor	242053470.0	10	17
516	117	1479	146583	-0.3628868807029999	0.11257809	next_progenitor	93488630.0	10	17
517	0	16	31930	0.0	0.401528	Merger	1140076700.0	101	18
518	1	428	3	0.0	0.1368722	Merger	1989169300.0	100	18
519	2	429	5788	0.0	0.16576396	Merger	114892490.0	100	18
520	3	430	9527	0.0	1.9308581	Merger	8927001000.0	100	18
521	4	431	10668	0.0	0.24334371	Merger	1990394100.0	100	18
522	5	432	10670	0.0	0.21504587	Merger	759904800.0	100	18
523	6	433	11075	0.0	0.14442329	Merger	118550990.0	100	18
524	7	434	11600	0.0	0.124376535	Merger	17005482000.0	100	18
525	8	435	16068	0.0	3.5449476	Merger	1418869100.0	100	18
526	9	436	17728	0.0	0.10778519	Merger	952962200.0	100	18
527	10	437	17730	0.0	1.8417425	Merger	279638880.0	100	18
528	11	438	18132	0.0	0.10047432	Merger	1231927900.0	100	18
529	12	439	20970	0.0	2.126971	Merger	1825982300.0	100	18
530	13	440	20971	0.0	1.2448871	Merger	295804700.0	100	18
531	14	441	21558	0.0	0.11539342	Merger	2566237200.0	100	18
532	15	442	28740	0.0	0.18592505	Merger	229725280.0	100	18
533	16	443	29894	0.0	0.1045037	Merger	249727790.0	100	18
534	17	444	31777	0.0	0.3678103	Merger	1644216200.0	100	18
535	18	445	32632	0.0	0.13790305	Merger	1281586000.0	100	18
536	19	446	35400	0.0	0.16654414	Merger	729011900.0	100	18
537	20	447	35573	0.0	0.34274673	Merger	310055420.0	100	18
538	21	448	39203	0.0	0.12578604	Merger	168233440.0	100	18
539	22	449	40111	0.0	0.18612164	Merger	653706050.0	100	18
540	23	450	40814	0.0	2.0493817	Merger	120188830.0	100	18
541	24	451	42639	0.0	1.4488019	Merger	984849100.0	100	18
542	25	452	42743	0.0	0.14917813	Merger	306961730.0	100	18
543	26	453	45304	0.0	0.17956792	Merger	601367900.0	100	18
544	27	454	46790	0.0	0.1414476	Merger	864772300.0	100	18
545	28	455	47696	0.0	1.568875	Merger	145576340.0	100	18
546	29	456	48777	0.0	0.664611	Merger	192022260.0	100	18
547	30	457	52585	0.0	0.21909827	Merger	978091970.0	100	18
548	31	458	54336	0.0	0.38227925	Merger	829849100.0	100	18
549	32	459	57511	0.0	0.22032891	Merger	656100030.0	100	18
550	33	460	60801	0.0	1.3149848	Merger	672453900.0	100	18
551	34	461	64559	0.0	0.1213618	Merger	279738560.0	100	18
552	35	462	66044	0.0	0.29133165	Merger	508395200.0	100	18
553	36	463	66840	0.0	2.086035	Merger	151199570.0	100	18
554	37	464	68018	0.0	1.536665	Merger	461898460.0	100	18
555	38	465	71347	0.0	0.65323144	Merger	323920500.0	100	18
556	39	466	71519	0.0	1.0462096	Merger	116414180.0	100	18
557	40	467	71840	0.0	0.85349643	Merger	357856420.0	100	18
558	41	468	72389	0.0	1.3664969	Merger	442977200.0	100	18
559	42	469	75277	0.0	0.7798524	Merger	491621250.0	100	18
560	43	470	75806	0.0	1.2100958	Merger	330626980.0	100	18
561	44	471	82024	0.0	1.2763755	Merger	244606060.0	100	18
562	45	472	84081	0.0	0.6079586	Merger	340934270.0	100	18
563	46	473	86111	0.0	0.11380363	Merger	225905810.0	100	18
564	47	474	89259	0.0	0.2418793	Merger	419108260.0	100	18
565	48	475	93333	0.0	0.6565973	Merger	431642270.0	100	18
566	49	476	95559	0.0	0.18864222	Merger	196663660.0	100	18
567	50	477	101321	0.0	0.82914263	Merger	146331400.0	100	18
568	51	478	102962	0.0	0.20540053	Merger	111444264.0	100	18
569	52	479	103029	0.0	0.8291382	Merger	173725260.0	100	18
570	53	480	104384	0.0	0.22224677	Merger	305175900.0	100	18
571	54	481	106630	0.0	0.1290784	Merger	136879090.0	100	18
572	55	482	107488	0.0	0.42186055	Merger	105671860.0	100	18
573	56	483	107794	0.0	0.10952625	Merger	119094056.0	100	18
574	57	484	110066	0.0	0.37918478	Merger	130478590.0	100	18
575	58	485	111440	0.0	1.1244226	Merger	167303340.0	100	18
576	59	486	112861	0.0	0.83298355	Merger	104223280.0	100	18
577	60	487	114751	0.0	0.1687539	Merger	146219890.0	100	18
578	61	488	115195	0.0	0.15389347	Merger	188995000.0	100	18
579	62	489	120669	0.0	0.14167984	Merger	139096640.0	100	18
580	63	490	125463	0.0	0.11063712	Merger	88196490.0	100	18
581	64	491	125677	0.0	0.29296014	Merger	135954740.0	100	18
582	65	492	125935	0.0	1.24766	Merger	185214860.0	100	18
583	66	493	127372	0.0	0.37654904	Merger	88316690.0	100	18
584	67	494	128239	0.0	0.1390146	Merger	110751224.0	100	18
585	68	495	128379	0.0	1.6949208	Merger	113261720.0	100	18
586	69	496	131199	0.0	0.106177874	Merger	138001710.0	100	18
587	70	497	132894	0.0	0.25707725	Merger	113900450.0	100	18
588	71	498	133241	0.0	0.5945291	Merger	109891496.0	100	18
589	72	499	133417	0.0	1.2512094	Merger	120452420.0	100	18
590	73	500	133924	0.0	0.29519317	Merger	137270610.0	100	18
591	74	501	134547	0.0	0.38160923	Merger	171410050.0	100	18
592	75	502	136800	0.0	0.16146453	Merger	89299210.0	100	18
593	76	503	139161	0.0	0.43815514	Merger	86314780.0	100	18
594	77	504	140528	0.0	0.31962338	Merger	97223490.0	100	18
595	78	505	141610	0.0	0.12328358	Merger	155116140.0	100	18
596	79	506	143210	0.0	0.1585295	Merger	95336170.0	100	18
597	80	507	143330	0.0	0.7295117	Merger	168526640.0	100	18
598	81	508	148791	0.0	1.9159018	Merger	118644936.0	100	18
599	82	509	150316	0.0	0.17916286	Merger	88987410.0	100	18
600	83	510	153065	0.0	1.5141215	Merger	143064060.0	100	18
601	84	511	153575	0.0	0.37088642	Merger	84304700.0	100	18
602	85	512	155299	0.0	0.110256724	Merger	87219300.0	100	18
603	86	513	155563	0.0	0.24944817	Merger	93567500.0	100	18
604	87	514	156814	0.0	0.14791824	Merger	156427090.0	100	18
605	88	515	158848	0.0	1.1039442	Merger	108931040.0	100	18
606	89	516	165841	0.0	0.16836001	Merger	120143870.0	100	18
607	90	517	170018	0.0	0.7418651	Merger	97109170.0	100	18
608	91	518	174749	0.0	0.23055325	Merger	92304184.0	100	18
609	92	590	50354	-0.0842231400000006	0.2898306	next_progenitor	605756740.0	10	18
610	93	685	104887	-0.0842231400000006	1.076277	first_progenitor	186518930.0	1	18
611	94	793	144724	-0.0842231400000006	0.12935013	next_progenitor	125513480.0	10	18
612	95	881	36609	-0.1842545700000002	0.21398374	next_progenitor	308853900.0	10	18
613	96	884	83380	-0.1842545700000002	0.5040442	first_progenitor	302832670.0	1	18
614	97	996	111834	-0.1842545700000002	0.5628126	next_progenitor	349511740.0	10	18
615	98	1042	142832	-0.1842545700000002	0.4684647	next_progenitor	128930820.0	10	18
616	99	1191	124067	-0.2585617207029997	1.681557	next_progenitor	139559000.0	10	18
617	0	0	94342	0.2533619500000004	0.22648351	Descendant	590631040.0	1100	19
618	1	22	4	0.0	0.5184295	Merger	415885340.0	101	19
619	2	23	152873	0.0	0.2487441	Merger	176504370.0	110	19
620	3	233	28833	0.2533619500000004	0.11788981	Descendant	229884980.0	1000	19
621	4	404	3	0.0842231400000006	0.1368722	Descendant	2914455800.0	1000	19
622	5	445	110066	0.0842231400000006	0.37918478	Descendant	263132800.0	1000	19
623	6	476	6	0.0	1.5604414	Merger	284728350.0	100	19
624	7	477	9	0.0	0.13083188	Merger	159113840.0	100	19
625	8	478	2086	0.0	0.16134131	Merger	18358813000.0	100	19
626	9	479	5894	0.0	0.22264935	Merger	3540971000.0	100	19
627	10	480	7912	0.0	0.1653834	Merger	1504179100.0	100	19
628	11	481	10624	0.0	0.5505152	Merger	12615572000.0	100	19
629	12	482	11893	0.0	0.8539415	Merger	157311180.0	100	19
630	13	483	13449	0.0	0.1593246	Merger	885362000.0	100	19
631	14	484	17298	0.0	0.12568381	Merger	704178940.0	100	19
632	15	485	18618	0.0	0.17402819	Merger	4564419000.0	100	19
633	16	486	21993	0.0	0.15813583	Merger	119840824.0	100	19
634	17	487	22194	0.0	0.1906434	Merger	4596862000.0	100	19
635	18	488	29757	0.0	0.101556204	Merger	3147732700.0	100	19
636	19	489	31949	0.0	0.23725775	Merger	3936517400.0	100	19
637	20	490	32664	0.0	0.13396238	Merger	3390745900.0	100	19
638	21	491	33777	0.0	0.14099269	Merger	500797400.0	100	19
639	22	492	33967	0.0	0.42070073	Merger	3167278600.0	100	19
640	23	493	39416	0.0	0.2221562	Merger	3103870700.0	100	19
641	24	494	39719	0.0	0.37954235	Merger	874612400.0	100	19
642	25	495	40191	0.0	0.34668383	Merger	356810600.0	100	19
643	26	496	44994	0.0	0.24958736	Merger	658301440.0	100	19
644	27	497	45167	0.0	0.21557966	Merger	1061424260.0	100	19
645	28	498	48935	0.0	0.19075261	Merger	95266400.0	100	19
646	29	499	49143	0.0	0.3954887	Merger	930527800.0	100	19
647	30	500	49615	0.0	0.5339673	Merger	1416312400.0	100	19
648	31	501	53026	0.0	1.2170334	Merger	545692100.0	100	19
649	32	502	53461	0.0	0.871309	Merger	398316260.0	100	19
650	33	503	55122	0.0	0.29148164	Merger	188112180.0	100	19
651	34	504	58003	0.0	1.4535803	Merger	210766080.0	100	19
652	35	505	58462	0.0	0.17657368	Merger	1447585000.0	100	19
653	36	506	59653	0.0	0.3638047	Merger	1229187700.0	100	19
654	37	507	67941	0.0	0.1346553	Merger	407007580.0	100	19
655	38	508	68293	0.0	0.1819642	Merger	913134400.0	100	19
656	39	509	68920	0.0	0.5846426	Merger	478291650.0	100	19
657	40	510	69978	0.0	0.100095265	Merger	1047812100.0	100	19
658	41	511	70264	0.0	1.2998291	Merger	754350140.0	100	19
659	42	512	70381	0.0	0.653608	Merger	398689920.0	100	19
660	43	513	70807	0.0	0.10392105	Merger	97548880.0	100	19
661	44	514	71623	0.0	0.109944195	Merger	809033540.0	100	19
662	45	515	71924	0.0	0.157093	Merger	586202560.0	100	19
663	46	516	72503	0.0	0.2898306	Merger	1107665500.0	100	19
664	47	517	72835	0.0	0.34954712	Merger	94282970.0	100	19
665	48	518	76482	0.0	0.86173934	Merger	358949570.0	100	19
666	49	519	77216	0.0	0.69798094	Merger	108077770.0	100	19
667	50	520	78294	0.0	1.4091619	Merger	595469200.0	100	19
668	51	521	78780	0.0	0.34877843	Merger	436896500.0	100	19
669	52	522	80372	0.0	0.19960049	Merger	958012540.0	100	19
670	53	523	80647	0.0	1.1845483	Merger	107622430.0	100	19
671	54	524	81552	0.0	0.13406993	Merger	138101780.0	100	19
672	55	525	82632	0.0	0.3057598	Merger	468280400.0	100	19
673	56	526	83524	0.0	0.13316241	Merger	748516200.0	100	19
674	57	527	83752	0.0	0.11927075	Merger	787678500.0	100	19
675	58	528	84902	0.0	0.20514928	Merger	309787650.0	100	19
676	59	529	85921	0.0	0.34732094	Merger	105736220.0	100	19
677	60	530	88179	0.0	0.3314628	Merger	618626900.0	100	19
678	61	531	91614	0.0	0.34268656	Merger	133467820.0	100	19
679	62	532	92023	0.0	1.487426	Merger	618431170.0	100	19
680	63	533	92553	0.0	3.1299164	Merger	89916800.0	100	19
681	64	534	92771	0.0	1.3072255	Merger	88228060.0	100	19
682	65	535	93078	0.0	0.20463797	Merger	642892000.0	100	19
683	66	536	93495	0.0	0.28532273	Merger	571393900.0	100	19
684	67	537	95676	0.0	0.123923235	Merger	290072030.0	100	19
685	68	538	96938	0.0	2.0060418	Merger	139614500.0	100	19
686	69	539	97729	0.0	0.19141649	Merger	366516900.0	100	19
687	70	540	97801	0.0	0.15559052	Merger	234989710.0	100	19
688	71	541	103050	0.0	0.15912493	Merger	161608220.0	100	19
689	72	542	103823	0.0	0.49074328	Merger	103994296.0	100	19
690	73	543	105564	0.0	0.36895496	Merger	396165800.0	100	19
691	74	544	106169	0.0	0.23661616	Merger	128709480.0	100	19
692	75	545	106936	0.0	1.3331865	Merger	117802400.0	100	19
693	76	546	108167	0.0	0.9639427	Merger	307884700.0	100	19
694	77	547	116353	0.0	0.30084708	Merger	99249490.0	100	19
695	78	548	116592	0.0	1.7442095	Merger	167252830.0	100	19
696	79	549	116901	0.0	0.28787675	Merger	282423580.0	100	19
697	80	550	119556	0.0	0.9981635	Merger	121835704.0	100	19
698	81	551	119813	0.0	0.11419776	Merger	153168020.0	100	19
699	82	552	120749	0.0	0.45418304	Merger	85428980.0	100	19
700	83	553	121195	0.0	0.11712599	Merger	95470104.0	100	19
701	84	554	121346	0.0	0.11806177	Merger	92556340.0	100	19
702	85	555	122416	0.0	0.3950011	Merger	225642000.0	100	19
703	86	556	122876	0.0	0.65123534	Merger	118183560.0	100	19
704	87	557	124259	0.0	2.0410674	Merger	184020800.0	100	19
705	88	558	124958	0.0	0.10787817	Merger	216613700.0	100	19
706	89	559	126555	0.0	0.28145924	Merger	117275540.0	100	19
707	90	560	126677	0.0	2.2020576	Merger	118836184.0	100	19
708	91	561	127149	0.0	0.667551	Merger	182138700.0	100	19
709	92	562	127266	0.0	1.1580943	Merger	221435330.0	100	19
710	93	563	127704	0.0	0.588272	Merger	184418370.0	100	19
711	94	564	129705	0.0	0.1380074	Merger	292610100.0	100	19
712	95	565	130413	0.0	0.7675089	Merger	151473310.0	100	19
713	96	566	133321	0.0	0.12835594	Merger	162676480.0	100	19
714	97	567	133588	0.0	0.87456465	Merger	173909650.0	100	19
715	98	568	134106	0.0	0.15599649	Merger	249364670.0	100	19
716	99	569	136420	0.0	0.5379078	Merger	102960070.0	100	19
717	100	570	138310	0.0	1.076277	Merger	183648670.0	100	19
718	101	571	138341	0.0	0.10155827	Merger	260764320.0	100	19
719	102	572	139396	0.0	0.19706532	Merger	224908750.0	100	19
720	103	573	142246	0.0	0.37355858	Merger	120407336.0	100	19
721	104	574	142482	0.0	0.107756115	Merger	257426910.0	100	19
722	105	575	142692	0.0	0.18241677	Merger	122166990.0	100	19
723	106	576	143018	0.0	0.32295594	Merger	118160150.0	100	19
724	107	577	143842	0.0	0.10441181	Merger	156670720.0	100	19
725	108	578	144863	0.0	0.15874016	Merger	138602960.0	100	19
726	109	579	145124	0.0	0.10753227	Merger	154533150.0	100	19
727	110	580	147035	0.0	0.12758192	Merger	138525070.0	100	19
728	111	581	148400	0.0	0.13210955	Merger	87685460.0	100	19
729	112	582	149186	0.0	0.18658385	Merger	126826610.0	100	19
730	113	583	149551	0.0	0.11710197	Merger	137823540.0	100	19
731	114	584	149593	0.0	0.24252613	Merger	134297020.0	100	19
732	115	585	150280	0.0	0.32534117	Merger	160840510.0	100	19
733	116	586	150448	0.0	0.90470403	Merger	139107870.0	100	19
734	117	587	152756	0.0	0.22648408	Merger	160595340.0	100	19
735	118	588	154480	0.0	0.97605306	Merger	171693580.0	100	19
736	119	589	154900	0.0	0.47938815	Merger	107402330.0	100	19
737	120	590	155325	0.0	0.19905393	Merger	205373630.0	100	19
738	121	591	155458	0.0	0.19225597	Merger	137275570.0	100	19
739	122	592	156697	0.0	0.10538139	Merger	89544744.0	100	19
740	123	593	156870	0.0	0.31558806	Merger	153107490.0	100	19
741	124	594	158454	0.0	0.37284037	Merger	131147200.0	100	19
742	125	595	159725	0.0	0.934904	Merger	113797250.0	100	19
743	126	596	160539	0.0	0.21483184	Merger	140237100.0	100	19
744	127	597	160568	0.0	0.7897908	Merger	195116200.0	100	19
745	128	598	163434	0.0	0.25861138	Merger	140194830.0	100	19
746	129	599	163530	0.0	0.19222972	Merger	107646024.0	100	19
747	130	600	164889	0.0	1.2128615	Merger	84741640.0	100	19
748	131	601	166957	0.0	1.6258476	Merger	123159750.0	100	19
749	132	602	168120	0.0	0.49092835	Merger	113305540.0	100	19
750	133	603	169027	0.0	1.4577945	Merger	117764700.0	100	19
751	134	604	169774	0.0	0.39254716	Merger	84869810.0	100	19
752	135	605	170356	0.0	0.29539767	Merger	130518380.0	100	19
753	136	606	170730	0.0	0.12820995	Merger	139230640.0	100	19
754	137	607	170832	0.0	0.123349175	Merger	148688420.0	100	19
755	138	608	173316	0.0	0.14414138	Merger	122775670.0	100	19
756	139	609	174138	0.0	0.32360113	Merger	91374696.0	100	19
757	140	610	174566	0.0	0.102221504	Merger	162187090.0	100	19
758	141	611	181198	0.0	0.5524226	Merger	158869180.0	100	19
759	142	612	182639	0.0	0.20783032	Merger	97452830.0	100	19
760	143	613	183217	0.0	0.43457422	Merger	96634360.0	100	19
761	144	614	183662	0.0	0.18459684	Merger	108741330.0	100	19
762	145	615	185021	0.0	0.36524856	Merger	117611000.0	100	19
763	146	616	185902	0.0	0.25468695	Merger	104636400.0	100	19
764	147	617	185995	0.0	0.11856149	Merger	84916820.0	100	19
765	148	618	188907	0.0	0.14417607	Merger	135994930.0	100	19
766	149	619	189445	0.0	0.10399901	Merger	89956560.0	100	19
767	150	620	189996	0.0	0.105715655	Merger	90579280.0	100	19
768	151	621	191125	0.0	0.19799162	Merger	84444136.0	100	19
769	152	622	192137	0.0	0.19086823	Merger	103845060.0	100	19
770	153	623	192328	0.0	0.10763522	Merger	105333736.0	100	19
771	154	624	193202	0.0	0.226983	Merger	87682264.0	100	19
772	155	625	193937	0.0	0.12935013	Merger	113757250.0	100	19
773	156	626	194214	0.0	0.21756929	Merger	98644430.0	100	19
774	157	627	196665	0.0	1.3653444	Merger	100435120.0	100	19
775	158	628	198325	0.0	0.15219635	Merger	91430080.0	100	19
776	159	629	201595	0.0	0.21354279	Merger	92583730.0	100	19
777	160	630	209253	0.0	0.1325573	Merger	100508070.0	100	19
778	161	631	215542	0.0	1.2029551	Merger	115952460.0	100	19
779	162	857	150414	-0.1000314299999995	0.35313693	first_progenitor	91756520.0	1	19
780	163	1151	140081	-0.1743385807029991	0.20181818	first_progenitor	244573230.0	1	19
781	164	1189	151426	-0.1743385807029991	0.8914791	first_progenitor	87570840.0	1	19
782	165	1192	164524	-0.1743385807029991	0.12987615	next_progenitor	174277600.0	10	19
783	0	1	93011	0.2885797300000003	0.1832711	Descendant	419373600.0	1100	20
784	1	2	20970	0.1842545700000002	2.126971	Descendant	17110767000.0	1100	20
785	2	3	20971	0.1842545700000002	1.2448871	Descendant	135896640.0	1100	20
786	3	4	6	0.1000314299999995	1.5604414	Descendant	336802050.0	1100	20
787	4	32	33342	0.4294375900000009	0.18936935	Descendant	3531602400.0	1000	20
788	5	243	3	0.1842545700000002	0.1368722	Descendant	7670371300.0	1000	20
789	6	333	4	0.1000314299999995	0.5184295	Descendant	628880600.0	1000	20
790	7	334	9	0.1000314299999995	0.13083188	Descendant	148996020.0	1000	20
791	8	464	185902	0.1000314299999995	0.25468695	Descendant	162876370.0	1000	20
792	9	480	5748	0.0	0.15085204	Merger	147383520.0	100	20
793	10	481	6687	0.0	0.14653191	Merger	9544496000.0	100	20
794	11	482	10858	0.0	0.19768272	Merger	2161691100.0	100	20
795	12	483	11564	0.0	0.16886851	Merger	245537800.0	100	20
796	13	484	11565	0.0	0.1018806	Merger	384472320.0	100	20
797	14	485	14282	0.0	0.20212863	Merger	3851532000.0	100	20
798	15	486	14819	0.0	0.13018972	Merger	17895248000.0	100	20
799	16	487	16077	0.0	0.57453984	Merger	1836276500.0	100	20
800	17	488	17316	0.0	0.14086254	Merger	1155947400.0	100	20
801	18	489	22564	0.0	0.17278591	Merger	110188320.0	100	20
802	19	490	24693	0.0	0.110008426	Merger	2492061000.0	100	20
803	20	491	28518	0.0	0.11816921	Merger	11172025000.0	100	20
804	21	492	30968	0.0	0.16789162	Merger	209264340.0	100	20
805	22	493	31317	0.0	0.12056554	Merger	7670001000.0	100	20
806	23	494	31798	0.0	0.6634569	Merger	390857300.0	100	20
807	24	495	32026	0.0	0.18439084	Merger	1535521200.0	100	20
808	25	496	33652	0.0	0.12978859	Merger	3638879000.0	100	20
809	26	497	36787	0.0	0.3804003	Merger	4734897000.0	100	20
810	27	498	37366	0.0	1.3473415	Merger	217933340.0	100	20
811	28	499	41005	0.0	0.28958732	Merger	1021454460.0	100	20
812	29	500	41857	0.0	0.32305133	Merger	89131860.0	100	20
813	30	501	43029	0.0	0.20557109	Merger	3144493000.0	100	20
814	31	502	43692	0.0	0.10714895	Merger	291683400.0	100	20
815	32	503	44834	0.0	0.19480345	Merger	180184060.0	100	20
816	33	504	45693	0.0	0.21675333	Merger	4092764000.0	100	20
817	34	505	47082	0.0	0.13179457	Merger	95693370.0	100	20
818	35	506	49442	0.0	0.4261232	Merger	1207189500.0	100	20
819	36	507	50581	0.0	1.5055004	Merger	1633282800.0	100	20
820	37	508	52482	0.0	0.10336793	Merger	2066495200.0	100	20
821	38	509	53590	0.0	2.7307668	Merger	194262430.0	100	20
822	39	510	56478	0.0	0.14978902	Merger	372652580.0	100	20
823	40	511	57583	0.0	0.12630984	Merger	799083800.0	100	20
824	41	512	61034	0.0	0.23857419	Merger	604304500.0	100	20
825	42	513	61036	0.0	0.33559772	Merger	166313220.0	100	20
826	43	514	61907	0.0	1.1955985	Merger	167049440.0	100	20
827	44	515	62204	0.0	1.6013659	Merger	133840620.0	100	20
828	45	516	63237	0.0	0.31928515	Merger	2295955500.0	100	20
829	46	517	63818	0.0	0.30658633	Merger	392595600.0	100	20
830	47	518	64512	0.0	0.72962135	Merger	1265786800.0	100	20
831	48	519	71834	0.0	0.2101538	Merger	145069710.0	100	20
832	49	520	74244	0.0	0.24072894	Merger	1520324600.0	100	20
833	50	521	74322	0.0	0.21398374	Merger	362259900.0	100	20
834	51	522	74935	0.0	0.16106094	Merger	162216800.0	100	20
835	52	523	76453	0.0	0.5040442	Merger	275924030.0	100	20
836	53	524	77870	0.0	0.15324526	Merger	132177380.0	100	20
837	54	525	82599	0.0	1.5514948	Merger	678676600.0	100	20
838	55	526	90061	0.0	0.32334954	Merger	661577900.0	100	20
839	56	527	90218	0.0	2.172021	Merger	416748300.0	100	20
840	57	528	90725	0.0	0.1972432	Merger	154335490.0	100	20
841	58	529	91757	0.0	0.33641168	Merger	361601120.0	100	20
842	59	530	92238	0.0	0.22359814	Merger	200039780.0	100	20
843	60	531	93215	0.0	0.3317124	Merger	210141730.0	100	20
844	61	532	96186	0.0	0.17682566	Merger	310029440.0	100	20
845	62	533	96272	0.0	0.17015357	Merger	84397680.0	100	20
846	63	534	97558	0.0	0.15474448	Merger	529900480.0	100	20
847	64	535	100147	0.0	0.11800392	Merger	755986300.0	100	20
848	65	536	100712	0.0	0.77880627	Merger	356133820.0	100	20
849	66	537	100713	0.0	1.3311112	Merger	147112400.0	100	20
850	67	538	101060	0.0	0.20124978	Merger	210243920.0	100	20
851	68	539	102502	0.0	0.102451995	Merger	102967010.0	100	20
852	69	540	104592	0.0	0.17225836	Merger	411968770.0	100	20
853	70	541	108033	0.0	0.14427336	Merger	602842560.0	100	20
854	71	542	108760	0.0	0.13927257	Merger	630373900.0	100	20
855	72	543	112183	0.0	0.119070664	Merger	179455090.0	100	20
856	73	544	112924	0.0	0.49832994	Merger	252645600.0	100	20
857	74	545	115255	0.0	0.23325129	Merger	531714620.0	100	20
858	75	546	117239	0.0	0.21653722	Merger	505582900.0	100	20
859	76	547	117549	0.0	0.27080685	Merger	269496700.0	100	20
860	77	548	119237	0.0	0.27289578	Merger	312677760.0	100	20
861	78	549	125357	0.0	0.28221476	Merger	176704500.0	100	20
862	79	550	125479	0.0	0.12320105	Merger	239292500.0	100	20
863	80	551	129721	0.0	1.5578673	Merger	305201380.0	100	20
864	81	552	131618	0.0	0.19533783	Merger	339837250.0	100	20
865	82	553	132379	0.0	0.120797634	Merger	215095500.0	100	20
866	83	554	132652	0.0	0.102579	Merger	131971680.0	100	20
867	84	555	133945	0.0	0.57757807	Merger	339783140.0	100	20
868	85	556	136623	0.0	0.11922644	Merger	313059040.0	100	20
869	86	557	136991	0.0	0.3481954	Merger	265356420.0	100	20
870	87	558	137866	0.0	0.36331695	Merger	268613800.0	100	20
871	88	559	138217	0.0	1.6845489	Merger	157465140.0	100	20
872	89	560	139788	0.0	0.22717287	Merger	84157350.0	100	20
873	90	561	140058	0.0	0.1405063	Merger	197422420.0	100	20
874	91	562	140170	0.0	0.114817604	Merger	236540110.0	100	20
875	92	563	140706	0.0	1.1565063	Merger	208414320.0	100	20
876	93	564	141622	0.0	1.024109	Merger	125165544.0	100	20
877	94	565	143721	0.0	0.11063247	Merger	267323630.0	100	20
878	95	566	144250	0.0	2.747906	Merger	239316590.0	100	20
879	96	567	147920	0.0	1.071844	Merger	158870720.0	100	20
880	97	568	148371	0.0	0.19359273	Merger	269031940.0	100	20
881	98	569	148672	0.0	1.8748696	Merger	103132640.0	100	20
882	99	570	148851	0.0	0.102256835	Merger	218483230.0	100	20
883	100	571	148885	0.0	0.26923427	Merger	215317550.0	100	20
884	101	572	149248	0.0	0.1349005	Merger	310506240.0	100	20
885	102	573	149969	0.0	0.4142927	Merger	138347360.0	100	20
886	103	574	150722	0.0	0.20301539	Merger	151815500.0	100	20
887	104	575	151659	0.0	0.15546302	Merger	151267950.0	100	20
888	105	576	157454	0.0	1.4649346	Merger	223288930.0	100	20
889	106	577	158021	0.0	0.20142297	Merger	187479310.0	100	20
890	107	578	159590	0.0	1.1196505	Merger	131942810.0	100	20
891	108	579	159929	0.0	0.12084324	Merger	169661000.0	100	20
892	109	580	160512	0.0	0.15797298	Merger	125462860.0	100	20
893	110	581	162217	0.0	0.13659918	Merger	135167520.0	100	20
894	111	582	163150	0.0	0.14817451	Merger	239963180.0	100	20
895	112	583	164235	0.0	0.5628126	Merger	212515150.0	100	20
896	113	584	164530	0.0	0.43419158	Merger	162855860.0	100	20
897	114	585	164940	0.0	0.19776303	Merger	122691576.0	100	20
898	115	586	165531	0.0	0.28914705	Merger	202635490.0	100	20
899	116	587	165680	0.0	0.14750572	Merger	131489020.0	100	20
900	117	588	166248	0.0	0.5726	Merger	89844000.0	100	20
901	118	589	166395	0.0	0.19483085	Merger	141652140.0	100	20
902	119	590	166965	0.0	0.13173455	Merger	95767864.0	100	20
903	120	591	167320	0.0	0.19265439	Merger	135929150.0	100	20
904	121	592	170139	0.0	1.34859	Merger	148651860.0	100	20
905	122	593	171059	0.0	0.1242246	Merger	93475864.0	100	20
906	123	594	171106	0.0	0.1439115	Merger	97632040.0	100	20
907	124	595	174561	0.0	0.68123615	Merger	112350184.0	100	20
908	125	596	177061	0.0	1.1610452	Merger	207977120.0	100	20
909	126	597	177703	0.0	0.14172071	Merger	127161120.0	100	20
910	127	598	177918	0.0	0.13497803	Merger	88914776.0	100	20
911	128	599	178900	0.0	0.21326317	Merger	126968380.0	100	20
912	129	600	179458	0.0	0.13276269	Merger	104081360.0	100	20
913	130	601	179936	0.0	0.105369	Merger	84227330.0	100	20
914	131	602	180664	0.0	0.35313693	Merger	84779560.0	100	20
915	132	603	182083	0.0	0.69203013	Merger	178906060.0	100	20
916	133	604	182168	0.0	0.35822707	Merger	112843770.0	100	20
917	134	605	182312	0.0	1.2887554	Merger	148238180.0	100	20
918	135	606	184322	0.0	2.351005	Merger	112627176.0	100	20
919	136	607	184400	0.0	0.4684647	Merger	113160390.0	100	20
920	137	608	184672	0.0	0.92254686	Merger	100762060.0	100	20
921	138	609	186664	0.0	0.3824776	Merger	150124820.0	100	20
922	139	610	186743	0.0	0.3953382	Merger	114150940.0	100	20
923	140	611	188092	0.0	0.19859701	Merger	86328120.0	100	20
924	141	612	188886	0.0	0.12976211	Merger	189538940.0	100	20
925	142	613	189298	0.0	0.11427147	Merger	95662500.0	100	20
926	143	614	192252	0.0	0.11439405	Merger	115032776.0	100	20
927	144	615	199463	0.0	0.27237397	Merger	123010700.0	100	20
928	145	616	199499	0.0	0.25175333	Merger	99383780.0	100	20
929	146	617	200240	0.0	0.8234422	Merger	84606536.0	100	20
930	147	618	201209	0.0	1.2235867	Merger	85860280.0	100	20
931	148	619	202307	0.0	1.6413802	Merger	87681090.0	100	20
932	149	620	202594	0.0	1.7769357	Merger	173686030.0	100	20
933	150	621	202695	0.0	0.7370504	Merger	104835910.0	100	20
934	151	622	205565	0.0	0.44788653	Merger	116154120.0	100	20
935	152	623	207117	0.0	0.31265098	Merger	106309336.0	100	20
936	153	624	207987	0.0	1.6495183	Merger	89627590.0	100	20
937	154	625	208629	0.0	0.18364094	Merger	108415870.0	100	20
938	155	626	210537	0.0	0.1155168	Merger	97056504.0	100	20
939	156	627	211704	0.0	0.13925168	Merger	106096930.0	100	20
940	157	628	212808	0.0	1.5676984	Merger	107309980.0	100	20
941	158	629	216837	0.0	0.15665722	Merger	132909830.0	100	20
942	159	630	219632	0.0	0.18129234	Merger	113361736.0	100	20
943	160	631	219951	0.0	0.23380664	Merger	91787480.0	100	20
944	161	632	223063	0.0	0.101504914	Merger	108877224.0	100	20
945	162	633	228519	0.0	0.20054755	Merger	88772104.0	100	20
946	163	634	232154	0.0	0.90501314	Merger	119480500.0	100	20
947	164	635	258832	0.0	0.14677307	Merger	104251140.0	100	20
948	165	749	72978	-0.0743071507029995	1.4414206	next_progenitor	841963650.0	10	20
949	0	4	143330	0.2585617207029997	0.7295117	Descendant	385414980.0	1100	21
950	1	5	6	0.1743385807029991	1.5604414	Descendant	199445260.0	2000	21
951	2	63	93602	0.4277005307029995	0.9542268	Descendant	657306050.0	1000	21
952	3	94	27072	0.3628868807029999	0.38094917	Descendant	23199644000.0	1000	21
953	4	166	106633	0.3628868807029999	1.4760436	Descendant	270786340.0	1000	21
954	5	190	3	0.2585617207029997	0.1368722	Descendant	7495697400.0	1000	21
955	6	279	4	0.1743385807029991	0.5184295	Descendant	4066652200.0	1000	21
956	7	280	9	0.1743385807029991	0.13083188	Descendant	332278430.0	1000	21
957	8	313	69978	0.1743385807029991	0.100095265	Descendant	266713260.0	1000	21
958	9	592	5146	0.0	0.21953477	Merger	140419620.0	100	21
959	10	593	9779	0.0	0.102228284	Merger	111783150.0	100	21
960	11	594	11499	0.0	0.25924918	Merger	827948160.0	100	21
961	12	595	12124	0.0	0.12733078	Merger	43222794000.0	100	21
962	13	596	12125	0.0	0.10297958	Merger	1253470800.0	100	21
963	14	597	12922	0.0	0.12912703	Merger	138957500.0	100	21
964	15	598	14798	0.0	0.3054733	Merger	526758100.0	100	21
965	16	599	16052	0.0	0.11163577	Merger	1446804200.0	100	21
966	17	600	17928	0.0	0.2334646	Merger	313101220.0	100	21
967	18	601	21802	0.0	0.4969512	Merger	138404820.0	100	21
968	19	602	22567	0.0	0.18662061	Merger	618135040.0	100	21
969	20	603	23454	0.0	0.27518788	Merger	206149420.0	100	21
970	21	604	25219	0.0	0.10898539	Merger	5966922000.0	100	21
971	22	605	25729	0.0	0.16770609	Merger	122082750.0	100	21
972	23	606	27397	0.0	0.41103733	Merger	3293668600.0	100	21
973	24	607	30257	0.0	0.23699342	Merger	13611496000.0	100	21
974	25	608	34394	0.0	0.16367471	Merger	128752376.0	100	21
975	26	609	35908	0.0	0.13225505	Merger	229692750.0	100	21
976	27	610	35909	0.0	0.20704567	Merger	411567520.0	100	21
977	28	611	37157	0.0	0.9816835	Merger	4187231200.0	100	21
978	29	612	38936	0.0	0.265201	Merger	2028777000.0	100	21
979	30	613	40347	0.0	0.88772625	Merger	335922200.0	100	21
980	31	614	42759	0.0	0.33303002	Merger	5531692000.0	100	21
981	32	615	43412	0.0	0.15467462	Merger	3349867300.0	100	21
982	33	616	43644	0.0	0.37566203	Merger	9429258000.0	100	21
983	34	617	44032	0.0	0.10045413	Merger	3976622600.0	100	21
984	35	618	45168	0.0	1.6519411	Merger	1746782100.0	100	21
985	36	619	45170	0.0	0.22657672	Merger	235670020.0	100	21
986	37	620	46879	0.0	0.4614387	Merger	667966500.0	100	21
987	38	621	48361	0.0	0.106212616	Merger	325661570.0	100	21
988	39	622	49033	0.0	0.8081085	Merger	1601282000.0	100	21
989	40	623	49218	0.0	0.20593457	Merger	3671470800.0	100	21
990	41	624	50584	0.0	0.30845565	Merger	212909710.0	100	21
991	42	625	50771	0.0	1.4108928	Merger	111856610.0	100	21
992	43	626	51690	0.0	0.27678418	Merger	456376500.0	100	21
993	44	627	52128	0.0	1.6031926	Merger	2822962000.0	100	21
994	45	628	54358	0.0	0.22950748	Merger	459133600.0	100	21
995	46	629	55212	0.0	0.12951116	Merger	3871103200.0	100	21
996	47	630	55622	0.0	0.19181786	Merger	2533684700.0	100	21
997	48	631	57853	0.0	0.11392704	Merger	277219170.0	100	21
998	49	632	58097	0.0	0.16116722	Merger	1664967300.0	100	21
999	50	633	59344	0.0	0.10458582	Merger	2048165900.0	100	21
1000	51	634	62648	0.0	0.30214474	Merger	405210270.0	100	21
1001	52	635	65686	0.0	0.16575207	Merger	169229520.0	100	21
1002	53	636	70171	0.0	1.3472642	Merger	573677300.0	100	21
1003	54	637	71142	0.0	0.40491354	Merger	258096670.0	100	21
1004	55	638	71294	0.0	0.17104186	Merger	133826340.0	100	21
1005	56	639	72630	0.0	0.17165336	Merger	950065100.0	100	21
1006	57	640	74226	0.0	2.8078454	Merger	141638050.0	100	21
1007	58	641	74675	0.0	0.15007362	Merger	865833000.0	100	21
1008	59	642	75681	0.0	0.3427454	Merger	311649860.0	100	21
1009	60	643	82331	0.0	0.47076967	Merger	1414229000.0	100	21
1010	61	644	83959	0.0	0.52237415	Merger	929623600.0	100	21
1011	62	645	85500	0.0	0.23553185	Merger	1139491800.0	100	21
1012	63	646	88467	0.0	0.15948531	Merger	147819250.0	100	21
1013	64	647	92756	0.0	1.1466823	Merger	129372770.0	100	21
1014	65	648	94052	0.0	0.18430346	Merger	485856320.0	100	21
1015	66	649	95838	0.0	1.681557	Merger	241399800.0	100	21
1016	67	650	97758	0.0	1.4414206	Merger	1107313500.0	100	21
1017	68	651	99137	0.0	0.17284395	Merger	120414264.0	100	21
1018	69	652	103300	0.0	0.12454628	Merger	645835500.0	100	21
1019	70	653	105046	0.0	0.18007143	Merger	276314750.0	100	21
1020	71	654	105442	0.0	1.047501	Merger	416639520.0	100	21
1021	72	655	105891	0.0	0.13650897	Merger	206462100.0	100	21
1022	73	656	106075	0.0	0.11890814	Merger	118154424.0	100	21
1023	74	657	106776	0.0	0.20983385	Merger	157028670.0	100	21
1024	75	658	108099	0.0	1.0390518	Merger	742890940.0	100	21
1025	76	659	108815	0.0	0.13313884	Merger	315806200.0	100	21
1026	77	660	109389	0.0	0.121883094	Merger	105576140.0	100	21
1027	78	661	109557	0.0	0.11776101	Merger	93767550.0	100	21
1028	79	662	111490	0.0	0.100441605	Merger	602894140.0	100	21
1029	80	663	113141	0.0	0.14279865	Merger	887716900.0	100	21
1030	81	664	113513	0.0	0.27633536	Merger	397355300.0	100	21
1031	82	665	114862	0.0	0.14873715	Merger	868702000.0	100	21
1032	83	666	116919	0.0	0.26256877	Merger	847465100.0	100	21
1033	84	667	117085	0.0	0.11663461	Merger	500366340.0	100	21
1034	85	668	120555	0.0	1.6583338	Merger	564085800.0	100	21
1035	86	669	122828	0.0	0.20420794	Merger	225248210.0	100	21
1036	87	670	126215	0.0	0.6644817	Merger	216617340.0	100	21
1037	88	671	127746	0.0	0.89676404	Merger	220137710.0	100	21
1038	89	672	128111	0.0	0.25534552	Merger	415891870.0	100	21
1039	90	673	128850	0.0	0.3044084	Merger	596659650.0	100	21
1040	91	674	129388	0.0	0.25324494	Merger	464493060.0	100	21
1041	92	675	130951	0.0	0.11610681	Merger	123386340.0	100	21
1042	93	676	131554	0.0	0.14227895	Merger	321844830.0	100	21
1043	94	677	135736	0.0	0.14912024	Merger	424547870.0	100	21
1044	95	678	136555	0.0	0.20896445	Merger	121330216.0	100	21
1045	96	679	139408	0.0	0.114017256	Merger	472428800.0	100	21
1046	97	680	140852	0.0	0.26006517	Merger	193078860.0	100	21
1047	98	681	141133	0.0	0.102934346	Merger	246304460.0	100	21
1048	99	682	141706	0.0	0.16139147	Merger	325720000.0	100	21
1049	100	683	142363	0.0	3.2212238	Merger	443449900.0	100	21
1050	101	684	142769	0.0	0.1043462	Merger	341634560.0	100	21
1051	102	685	144762	0.0	1.4385395	Merger	215285740.0	100	21
1052	103	686	144890	0.0	0.4306798	Merger	201834850.0	100	21
1053	104	687	145441	0.0	0.112875514	Merger	117533320.0	100	21
1054	105	688	146940	0.0	0.62229776	Merger	128253064.0	100	21
1055	106	689	147413	0.0	0.23965922	Merger	189364740.0	100	21
1056	107	690	147619	0.0	0.15495613	Merger	287600160.0	100	21
1057	108	691	148325	0.0	1.2180855	Merger	131515064.0	100	21
1058	109	692	148414	0.0	1.4290589	Merger	215642540.0	100	21
1059	110	693	148588	0.0	0.15481101	Merger	387234880.0	100	21
1060	111	694	150080	0.0	0.11876136	Merger	312306140.0	100	21
1061	112	695	154409	0.0	2.5889075	Merger	295924320.0	100	21
1062	113	696	154974	0.0	0.23238878	Merger	285365950.0	100	21
1063	114	697	155205	0.0	0.20640956	Merger	278732160.0	100	21
1064	115	698	155680	0.0	0.17343569	Merger	233352600.0	100	21
1065	116	699	162512	0.0	1.027742	Merger	189659440.0	100	21
1066	117	700	162864	0.0	0.957965	Merger	244209300.0	100	21
1067	118	701	163714	0.0	0.12483935	Merger	265073760.0	100	21
1068	119	702	164226	0.0	0.17196546	Merger	120005896.0	100	21
1069	120	703	165132	0.0	0.6387228	Merger	161269940.0	100	21
1070	121	704	165799	0.0	0.1633898	Merger	129687900.0	100	21
1071	122	705	168455	0.0	0.12697463	Merger	208993400.0	100	21
1072	123	706	169649	0.0	0.17695436	Merger	274465920.0	100	21
1073	124	707	170015	0.0	0.23196653	Merger	278833660.0	100	21
1074	125	708	172293	0.0	0.13568757	Merger	296115230.0	100	21
1075	126	709	172390	0.0	0.40296912	Merger	122435110.0	100	21
1076	127	710	173500	0.0	0.40668905	Merger	210622750.0	100	21
1077	128	711	174236	0.0	0.7652639	Merger	188753800.0	100	21
1078	129	712	175457	0.0	0.17742045	Merger	333842620.0	100	21
1079	130	713	176734	0.0	0.1481603	Merger	347531070.0	100	21
1080	131	714	177444	0.0	0.42196333	Merger	243610180.0	100	21
1081	132	715	177594	0.0	0.11513173	Merger	204566080.0	100	21
1082	133	716	179489	0.0	0.20181818	Merger	202540400.0	100	21
1083	134	717	180241	0.0	0.14144726	Merger	150797760.0	100	21
1084	135	718	184602	0.0	0.37744606	Merger	87903800.0	100	21
1085	136	719	184947	0.0	0.10615922	Merger	132190550.0	100	21
1086	137	720	186475	0.0	0.2945235	Merger	154925710.0	100	21
1087	138	721	186907	0.0	0.16033535	Merger	126272584.0	100	21
1088	139	722	188401	0.0	0.25763103	Merger	248937340.0	100	21
1089	140	723	191033	0.0	0.2511238	Merger	213566880.0	100	21
1090	141	724	191769	0.0	0.166014	Merger	126306650.0	100	21
1091	142	725	194288	0.0	4.006748	Merger	166133200.0	100	21
1092	143	726	198048	0.0	0.21718821	Merger	136742340.0	100	21
1093	144	727	198339	0.0	0.34303373	Merger	168676140.0	100	21
1094	145	728	199250	0.0	0.6679079	Merger	203377300.0	100	21
1095	146	729	200114	0.0	0.20167953	Merger	115856040.0	100	21
1096	147	730	201260	0.0	0.1404347	Merger	149714800.0	100	21
1097	148	731	202053	0.0	0.13939176	Merger	92872350.0	100	21
1098	149	732	202464	0.0	0.68248355	Merger	227735630.0	100	21
1099	150	733	204543	0.0	0.76009953	Merger	149942510.0	100	21
1100	151	734	205322	0.0	0.9127055	Merger	95448696.0	100	21
1101	152	735	206668	0.0	0.24142815	Merger	130071890.0	100	21
1102	153	736	206704	0.0	1.7279279	Merger	201497440.0	100	21
1103	154	737	208485	0.0	0.8914791	Merger	112524856.0	100	21
1104	155	738	210196	0.0	0.12987615	Merger	86817810.0	100	21
1105	156	739	210341	0.0	0.18018861	Merger	177337760.0	100	21
1106	157	740	210501	0.0	0.17203072	Merger	107446424.0	100	21
1107	158	741	212886	0.0	0.114549346	Merger	114588650.0	100	21
1108	159	742	216250	0.0	0.11257809	Merger	116044320.0	100	21
1109	160	743	217420	0.0	0.49596295	Merger	87993240.0	100	21
1110	161	744	217802	0.0	0.24508752	Merger	102826750.0	100	21
1111	162	745	217835	0.0	0.85143536	Merger	118779020.0	100	21
1112	163	746	217875	0.0	0.36846054	Merger	125743290.0	100	21
1113	164	747	217896	0.0	0.10053878	Merger	171613700.0	100	21
1114	165	748	218847	0.0	0.14955194	Merger	130808870.0	100	21
1115	166	749	221111	0.0	0.18786469	Merger	176787260.0	100	21
1116	167	750	222045	0.0	0.102032706	Merger	183063140.0	100	21
1117	168	751	223809	0.0	0.19250928	Merger	121281704.0	100	21
1118	169	752	227699	0.0	0.32760757	Merger	121162250.0	100	21
1119	170	753	232173	0.0	0.43602297	Merger	109903940.0	100	21
1120	171	754	232564	0.0	0.63728464	Merger	88374570.0	100	21
1121	172	755	237415	0.0	0.30913112	Merger	88957830.0	100	21
1122	173	756	237541	0.0	0.13890082	Merger	88467530.0	100	21
1123	174	757	238972	0.0	0.3085768	Merger	134341440.0	100	21
1124	175	758	243395	0.0	0.45592818	Merger	91780950.0	100	21
1125	176	759	245811	0.0	0.12085329	Merger	147900220.0	100	21
1126	177	760	249157	0.0	0.19044688	Merger	90046670.0	100	21
1127	178	761	251032	0.0	0.33562878	Merger	84154830.0	100	21
1128	179	762	253849	0.0	0.32799855	Merger	106667010.0	100	21
1129	180	763	261263	0.0	0.18938568	Merger	117785830.0	100	21
1130	181	764	267164	0.0	0.15520234	Merger	88639860.0	100	21
1131	182	765	269927	0.0	0.13721968	Merger	89848100.0	100	21
1132	183	766	279120	0.0	0.1279773	Merger	112334880.0	100	21
