	Subfind_ID	t-t_merg	q	Type	mass	int_type	center	SFR	num_mergers_in_last_2Gyr	N	r_1	r_2
783	93011	0.2885797300000003	0.1832711	Descendant	419373600.0	1100	20	1.4968597	1	195	3.9892227000566662	221.8302285980317
784	20970	0.1842545700000002	2.126971	Descendant	17110767000.0	1100	20	38.592445	1	12	98.09182185382917	235.70322575771343
785	20971	0.1842545700000002	1.2448871	Descendant	135896640.0	1100	20	0.14723018	1	334	16.28016604936111	18.19442576899415
786	6	0.1000314299999995	1.5604414	Descendant	336802050.0	1100	20	0.52124923	2	671	49.192562894687946	61.4233034203619
787	33342	0.4294375900000009	0.18936935	Descendant	3531602400.0	1000	20	7.9820423	0	18	280.25581798310947	549.8868053307589
788	3	0.1842545700000002	0.1368722	Descendant	7670371300.0	1000	20	19.384657	0	51	29.25788558839973	40.77026202045975
789	4	0.1000314299999995	0.5184295	Descendant	628880600.0	1000	20	2.179191	1	404	9.083925326696816	28.216411641217398
790	9	0.1000314299999995	0.13083188	Descendant	148996020.0	1000	20	0.34174073	0	1050	4.396662434469549	28.216411641217398
791	185902	0.1000314299999995	0.25468695	Descendant	162876370.0	1000	20	0.17429587	0	633	141.00105319642506	170.69741680023176
792	5748	0.0	0.15085204	Merger	147383520.0	100	20	0.18884574	1	466	39.827285267834306	42.47864920604946
793	6687	0.0	0.14653191	Merger	9544496000.0	100	20	414.83777	2	28	3.18105212890125	6.21296371282798
794	10858	0.0	0.19768272	Merger	2161691100.0	100	20	5.9645796	1	38	63.41726684429886	103.1579071176667
795	11564	0.0	0.16886851	Merger	245537800.0	100	20	0.81669545	2	913	49.42386106063731	59.54466916003818
796	11565	0.0	0.1018806	Merger	384472320.0	100	20	0.8079044	1	675	34.78755929350021	38.87448590279067
797	14282	0.0	0.20212863	Merger	3851532000.0	100	20	8.130159	1	19	105.61939804619475	295.97882620623943
798	14819	0.0	0.13018972	Merger	17895248000.0	100	20	59.43356	1	6	9.827201615011548	904.567206203786
799	16077	0.0	0.57453984	Merger	1836276500.0	100	20	4.8528643	1	201	66.36900839967736	100.25082472172484
800	17316	0.0	0.14086254	Merger	1155947400.0	100	20	3.3154142	1	287	30.628771377362437	44.34039987626921
801	22564	0.0	0.17278591	Merger	110188320.0	100	20	0.2540467	2	1678	17.175484257476818	26.59572207463291
802	24693	0.0	0.110008426	Merger	2492061000.0	100	20	7.595349	1	37	29.088866649123634	80.0574676942788
803	28518	0.0	0.11816921	Merger	11172025000.0	100	20	41.35967	1	17	370.5684992297691	488.9853949449376
804	30968	0.0	0.16789162	Merger	209264340.0	100	20	0.867728	1	1018	6.757254545401581	10.84042703508007
805	31317	0.0	0.12056554	Merger	7670001000.0	100	20	22.58339	1	15	235.98988254840623	678.4324340762305
806	31798	0.0	0.6634569	Merger	390857300.0	100	20	0.6518357	2	391	32.768137853152204	58.10655339302121
807	32026	0.0	0.18439084	Merger	1535521200.0	100	20	5.124418	1	112	11.202935346403603	71.7681987917992
808	33652	0.0	0.12978859	Merger	3638879000.0	100	20	22.191336	1	38	139.94291474022052	587.001126646798
809	36787	0.0	0.3804003	Merger	4734897000.0	100	20	11.538484	2	42	974.9620438774666	1127.068749565251
810	37366	0.0	1.3473415	Merger	217933340.0	100	20	0.43311062	2	1097	11.328870856382169	21.715923308204502
811	41005	0.0	0.28958732	Merger	1021454460.0	100	20	1.7427665	3	116	57.886984956231984	230.4899078553841
812	41857	0.0	0.32305133	Merger	89131860.0	100	20	0.20305337	1	1027	17.02234285544447	20.680622526433787
813	43029	0.0	0.20557109	Merger	3144493000.0	100	20	6.704928	2	18	700.8773669172274	756.1504402890589
814	43692	0.0	0.10714895	Merger	291683400.0	100	20	0.44627365	1	464	42.74823172636491	52.68295921881621
815	44834	0.0	0.19480345	Merger	180184060.0	100	20	0.3883428	2	715	38.25140675968139	39.89657885106521
816	45693	0.0	0.21675333	Merger	4092764000.0	100	20	12.875225	1	20	500.23914348555917	605.2171347460401
817	47082	0.0	0.13179457	Merger	95693370.0	100	20	0.27147084	2	609	27.70908806599084	51.77277130995621
818	49442	0.0	0.4261232	Merger	1207189500.0	100	20	5.3360524	1	94	111.33924674836486	259.04722668018906
819	50581	0.0	1.5055004	Merger	1633282800.0	100	20	3.8587725	1	114	161.90265489963457	233.73227507952916
820	52482	0.0	0.10336793	Merger	2066495200.0	100	20	11.1731415	1	21	283.1199907870581	303.8043828959164
821	53590	0.0	2.7307668	Merger	194262430.0	100	20	0.57053024	1	610	11.918866303524261	18.45669505331956
822	56478	0.0	0.14978902	Merger	372652580.0	100	20	1.170711	3	224	32.848534450485836	37.63471982561213
823	57583	0.0	0.12630984	Merger	799083800.0	100	20	1.540406	2	269	35.530760625736185	199.79557014609185
824	61034	0.0	0.23857419	Merger	604304500.0	100	20	2.011608	1	100	18.21503457129325	78.78877903925678
825	61036	0.0	0.33559772	Merger	166313220.0	100	20	0.46812314	2	295	18.21503457129325	81.32725761305664
826	61907	0.0	1.1955985	Merger	167049440.0	100	20	0.35363418	3	399	40.25103089246391	44.761155686459105
827	62204	0.0	1.6013659	Merger	133840620.0	100	20	0.537634	1	475	9.341850342304937	9.624039174310521
828	63237	0.0	0.31928515	Merger	2295955500.0	100	20	18.556719	1	13	1232.1126678531605	1277.1496181300463
829	63818	0.0	0.30658633	Merger	392595600.0	100	20	0.7494342	1	164	22.50367466377793	47.09736464765774
830	64512	0.0	0.72962135	Merger	1265786800.0	100	20	3.2607932	1	73	4.615739918746076	119.9299693281585
831	71834	0.0	0.2101538	Merger	145069710.0	100	20	0.46023414	2	634	15.55520088749859	66.28925921065678
832	74244	0.0	0.24072894	Merger	1520324600.0	100	20	2.638753	1	142	274.2979954801688	366.40373218117435
833	74322	0.0	0.21398374	Merger	362259900.0	100	20	0.61839783	1	644	18.816702592856092	60.192210321709226
834	74935	0.0	0.16106094	Merger	162216800.0	100	20	0.2811144	1	1332	7.236737932403338	65.72885580210594
835	76453	0.0	0.5040442	Merger	275924030.0	100	20	0.821952	2	418	10.022814408685385	25.41575965460064
836	77870	0.0	0.15324526	Merger	132177380.0	100	20	0.19817165	1	1198	35.268809128340074	67.4117040556165
837	82599	0.0	1.5514948	Merger	678676600.0	100	20	1.6631318	1	377	43.9299621733087	147.9583720886422
838	90061	0.0	0.32334954	Merger	661577900.0	100	20	3.310069	3	153	686.7502565771115	812.7402265477941
839	90218	0.0	2.172021	Merger	416748300.0	100	20	0.75715244	1	219	140.7154510237878	194.03983457792413
840	90725	0.0	0.1972432	Merger	154335490.0	100	20	0.25227085	1	657	35.61853193518046	72.6535778083782
841	91757	0.0	0.33641168	Merger	361601120.0	100	20	0.66452384	2	389	44.459248082506605	71.19872628301032
842	92238	0.0	0.22359814	Merger	200039780.0	100	20	0.95334303	2	847	8.602556621164563	26.15305491028966
843	93215	0.0	0.3317124	Merger	210141730.0	100	20	0.26262838	1	340	18.402394988422987	53.04550014126589
844	96186	0.0	0.17682566	Merger	310029440.0	100	20	0.4236402	1	369	42.1106172728535	122.19139166925976
845	96272	0.0	0.17015357	Merger	84397680.0	100	20	0.21791305	1	1424	6.922464803016218	77.52055251556236
846	97558	0.0	0.15474448	Merger	529900480.0	100	20	0.77223593	1	213	64.87654829286345	85.14583390991113
847	100147	0.0	0.11800392	Merger	755986300.0	100	20	1.3139666	1	318	79.91525204989	117.79161881649027
848	100712	0.0	0.77880627	Merger	356133820.0	100	20	0.84521425	1	267	12.37468351738822	52.075146517048296
849	100713	0.0	1.3311112	Merger	147112400.0	100	20	0.46131933	2	512	12.37468351738822	58.351886113674276
850	101060	0.0	0.20124978	Merger	210243920.0	100	20	0.39933652	2	181	26.214597134348956	158.9908775598626
851	102502	0.0	0.102451995	Merger	102967010.0	100	20	0.25854152	2	520	3.4690302439952974	23.270479211085878
852	104592	0.0	0.17225836	Merger	411968770.0	100	20	1.0349034	1	299	39.90754857578663	111.98566330726247
853	108033	0.0	0.14427336	Merger	602842560.0	100	20	1.5695592	1	225	148.7428803726349	364.53954385313716
854	108760	0.0	0.13927257	Merger	630373900.0	100	20	1.3135748	1	355	242.1764123347638	326.14274754943585
855	112183	0.0	0.119070664	Merger	179455090.0	100	20	0.3200305	1	620	54.90337337811562	144.94787137759673
856	112924	0.0	0.49832994	Merger	252645600.0	100	20	0.6159055	1	913	13.294138662235973	70.81979124416985
857	115255	0.0	0.23325129	Merger	531714620.0	100	20	1.2319413	1	187	53.81779164591335	63.827582698968605
858	117239	0.0	0.21653722	Merger	505582900.0	100	20	1.3484533	1	243	246.05978085606148	301.0150641391065
859	117549	0.0	0.27080685	Merger	269496700.0	100	20	0.28442666	1	225	28.785005372930645	104.10020561992302
860	119237	0.0	0.27289578	Merger	312677760.0	100	20	1.5674437	1	260	3.3709249146517033	110.48785917690361
861	125357	0.0	0.28221476	Merger	176704500.0	100	20	0.6410003	1	236	22.280916535947448	46.83504168560243
862	125479	0.0	0.12320105	Merger	239292500.0	100	20	0.8781724	1	398	10.664603547343631	83.37403056844784
863	129721	0.0	1.5578673	Merger	305201380.0	100	20	0.93901664	1	83	368.93367585904616	402.04302113773264
864	131618	0.0	0.19533783	Merger	339837250.0	100	20	0.56082475	1	234	76.69661992798281	144.4728806214593
865	132379	0.0	0.120797634	Merger	215095500.0	100	20	0.46377784	1	150	29.578787455718313	59.651643496050006
866	132652	0.0	0.102579	Merger	131971680.0	100	20	0.21364799	1	671	9.66825360718228	119.0624221296425
867	133945	0.0	0.57757807	Merger	339783140.0	100	20	0.86339974	1	154	8.419532987506576	64.6038904901811
868	136623	0.0	0.11922644	Merger	313059040.0	100	20	0.74754876	1	413	69.52172447335143	111.59523450223782
869	136991	0.0	0.3481954	Merger	265356420.0	100	20	0.6737504	1	418	45.67538279561142	122.93181258570314
870	137866	0.0	0.36331695	Merger	268613800.0	100	20	1.1846594	2	458	251.14835090447355	261.4776849778581
871	138217	0.0	1.6845489	Merger	157465140.0	100	20	0.5161822	1	689	5.3695060477680885	57.50447499433127
872	139788	0.0	0.22717287	Merger	84157350.0	100	20	0.41691715	1	1272	2.514977778956789	57.05320471787948
873	140058	0.0	0.1405063	Merger	197422420.0	100	20	0.6421863	1	273	17.312834469715245	67.96267326556982
874	140170	0.0	0.114817604	Merger	236540110.0	100	20	0.56533337	1	206	184.17780457793293	184.28633221119514
875	140706	0.0	1.1565063	Merger	208414320.0	100	20	0.79122615	1	577	88.4756404149528	91.53881514394503
876	141622	0.0	1.024109	Merger	125165544.0	100	20	0.36431894	2	396	4.3708067967484485	337.7505440823122
877	143721	0.0	0.11063247	Merger	267323630.0	100	20	0.7155641	1	426	137.7797531513968	141.68950958301173
878	144250	0.0	2.747906	Merger	239316590.0	100	20	0.70814663	1	942	72.14117326697593	200.31146079896905
879	147920	0.0	1.071844	Merger	158870720.0	100	20	0.39841503	1	471	5.753023871443414	8.325638406412748
880	148371	0.0	0.19359273	Merger	269031940.0	100	20	0.6285215	1	395	234.0480800127656	238.18007567949337
881	148672	0.0	1.8748696	Merger	103132640.0	100	20	0.2612343	1	524	127.05921604199189	145.08819703938843
882	148851	0.0	0.102256835	Merger	218483230.0	100	20	0.48795125	3	549	42.96022179789499	177.31672860715045
883	148885	0.0	0.26923427	Merger	215317550.0	100	20	0.5213716	2	231	150.17314049486168	201.7075116308373
884	149248	0.0	0.1349005	Merger	310506240.0	100	20	0.6676821	1	86	88.39076562204197	290.34779996742634
885	149969	0.0	0.4142927	Merger	138347360.0	100	20	0.22509818	1	399	47.86454819855483	102.89460816434064
886	150722	0.0	0.20301539	Merger	151815500.0	100	20	0.5560589	1	489	72.5466944644011	82.1539423039549
887	151659	0.0	0.15546302	Merger	151267950.0	100	20	0.39595816	1	570	19.820824368544468	79.15489839643233
888	157454	0.0	1.4649346	Merger	223288930.0	100	20	0.47621533	1	468	51.40773954971713	61.07438105834517
889	158021	0.0	0.20142297	Merger	187479310.0	100	20	0.48485428	1	628	82.42203676714497	231.21591472207507
890	159590	0.0	1.1196505	Merger	131942810.0	100	20	0.29990476	2	1191	57.7573331057487	226.36068909375297
891	159929	0.0	0.12084324	Merger	169661000.0	100	20	0.49869108	2	253	106.4084426665416	171.988517471886
892	160512	0.0	0.15797298	Merger	125462860.0	100	20	0.45031747	1	569	5.820078360473915	178.84993804866227
893	162217	0.0	0.13659918	Merger	135167520.0	100	20	0.36543643	6	812	74.87929794517008	132.34616510333547
894	163150	0.0	0.14817451	Merger	239963180.0	100	20	0.3110268	1	724	261.3184067867829	278.28474121797365
895	164235	0.0	0.5628126	Merger	212515150.0	100	20	0.46163636	1	686	59.570003374239235	63.23436163787801
896	164530	0.0	0.43419158	Merger	162855860.0	100	20	0.46399617	2	506	4.108893701615281	111.90679266726505
897	164940	0.0	0.19776303	Merger	122691576.0	100	20	0.35212868	2	368	0.934217204495743	6.31513902411207
898	165531	0.0	0.28914705	Merger	202635490.0	100	20	0.55355144	1	294	203.42524548446653	290.3014001510441
899	165680	0.0	0.14750572	Merger	131489020.0	100	20	0.43242434	1	445	185.36624377710345	205.2874770701909
900	166248	0.0	0.5726	Merger	89844000.0	100	20	0.38861293	1	1788	2.089406717551944	2.5318226058456825
901	166395	0.0	0.19483085	Merger	141652140.0	100	20	0.3446501	1	523	2.9279687391228943	90.96635762214764
902	166965	0.0	0.13173455	Merger	95767864.0	100	20	0.14795397	1	1848	14.232997545755458	37.93819507731882
903	167320	0.0	0.19265439	Merger	135929150.0	100	20	0.29065335	1	525	73.46132559166753	142.26797887576575
904	170139	0.0	1.34859	Merger	148651860.0	100	20	0.39465842	1	1319	2.9948519487058234	111.66648198050609
905	171059	0.0	0.1242246	Merger	93475864.0	100	20	0.28819105	2	633	112.88053456553631	185.09618447930558
906	171106	0.0	0.1439115	Merger	97632040.0	100	20	0.24276899	1	790	7.721211519216248	68.32358370093431
907	174561	0.0	0.68123615	Merger	112350184.0	100	20	0.27807793	1	405	38.447790800828045	61.99702868559086
908	177061	0.0	1.1610452	Merger	207977120.0	100	20	0.50367117	1	399	135.76258139529432	148.866818066521
909	177703	0.0	0.14172071	Merger	127161120.0	100	20	0.24297735	2	878	59.802299052514186	98.3420538748021
910	177918	0.0	0.13497803	Merger	88914776.0	100	20	0.21823731	1	254	65.79457439755976	84.6977751942237
911	178900	0.0	0.21326317	Merger	126968380.0	100	20	0.3488176	1	357	71.34349138535025	81.97975023180594
912	179458	0.0	0.13276269	Merger	104081360.0	100	20	0.29639608	1	1015	20.55473693841295	134.0653242479949
913	179936	0.0	0.105369	Merger	84227330.0	100	20	0.24332586	4	1104	51.4001273859577	72.11668708867096
914	180664	0.0	0.35313693	Merger	84779560.0	100	20	0.2881597	1	679	73.47964329325086	77.74966133693302
915	182083	0.0	0.69203013	Merger	178906060.0	100	20	0.30328512	1	347	80.4923742197678	80.76946985738314
916	182168	0.0	0.35822707	Merger	112843770.0	100	20	0.2925373	1	820	47.17702545722023	102.99179079327735
917	182312	0.0	1.2887554	Merger	148238180.0	100	20	0.46382204	1	722	65.37802657801082	104.51224412849635
918	184322	0.0	2.351005	Merger	112627176.0	100	20	0.2940761	1	1006	3.1585299025266416	125.14128663453091
919	184400	0.0	0.4684647	Merger	113160390.0	100	20	0.6199434	2	559	101.23486249757661	145.8696347961179
920	184672	0.0	0.92254686	Merger	100762060.0	100	20	0.39426363	2	1204	94.64135840087644	106.96663264036239
921	186664	0.0	0.3824776	Merger	150124820.0	100	20	0.3440052	2	370	146.17759405167328	183.62243563411118
922	186743	0.0	0.3953382	Merger	114150940.0	100	20	0.27416137	1	740	5.398183366760802	83.8060170622222
923	188092	0.0	0.19859701	Merger	86328120.0	100	20	0.18242264	2	532	3.0049245434323066	398.9105929095853
924	188886	0.0	0.12976211	Merger	189538940.0	100	20	0.30857486	1	578	37.26566557142256	64.48211662577134
925	189298	0.0	0.11427147	Merger	95662500.0	100	20	0.3409679	1	1661	52.851099171835585	72.87182687157721
926	192252	0.0	0.11439405	Merger	115032776.0	100	20	0.3556519	1	428	108.01415426628076	196.66936533863907
927	199463	0.0	0.27237397	Merger	123010700.0	100	20	0.31857285	1	1561	88.01906588568005	131.7926885097126
928	199499	0.0	0.25175333	Merger	99383780.0	100	20	0.29636267	1	908	76.44030266121395	314.35039780815237
929	200240	0.0	0.8234422	Merger	84606536.0	100	20	0.21091215	1	366	88.0993206246297	144.08018450029107
930	201209	0.0	1.2235867	Merger	85860280.0	100	20	0.31038228	1	652	77.83067979781973	78.3960474694644
931	202307	0.0	1.6413802	Merger	87681090.0	100	20	0.26202083	1	771	144.70468235940737	353.4162037805538
932	202594	0.0	1.7769357	Merger	173686030.0	100	20	0.3351827	1	697	64.20705014719	67.60431097861867
933	202695	0.0	0.7370504	Merger	104835910.0	100	20	0.3202491	1	495	122.83251169496893	218.23405001179435
934	205565	0.0	0.44788653	Merger	116154120.0	100	20	0.26792616	1	918	70.26818325039497	87.5612694036201
935	207117	0.0	0.31265098	Merger	106309336.0	100	20	0.16033912	2	880	50.59062126090649	119.04736903610132
936	207987	0.0	1.6495183	Merger	89627590.0	100	20	0.3350747	1	1664	42.28368739964586	43.55767829836125
937	208629	0.0	0.18364094	Merger	108415870.0	100	20	0.13531098	1	1060	85.66906165323188	143.06519506598872
938	210537	0.0	0.1155168	Merger	97056504.0	100	20	0.40371314	2	289	3.905572689854073	117.03841318573492
939	211704	0.0	0.13925168	Merger	106096930.0	100	20	0.30411983	2	756	321.05941704847265	362.0404205349766
940	212808	0.0	1.5676984	Merger	107309980.0	100	20	0.22813156	1	561	129.93948021984414	218.40423919259192
941	216837	0.0	0.15665722	Merger	132909830.0	100	20	0.15013206	1	221	161.54662397259747	254.39813135564958
942	219632	0.0	0.18129234	Merger	113361736.0	100	20	0.22897841	1	502	66.06371592342705	85.41867442284487
943	219951	0.0	0.23380664	Merger	91787480.0	100	20	0.21016437	1	1205	415.968296922042	418.7517180873774
944	223063	0.0	0.101504914	Merger	108877224.0	100	20	0.20629503	1	234	54.495266931759915	80.89846879407497
945	228519	0.0	0.20054755	Merger	88772104.0	100	20	0.12453631	1	1197	56.08021672605399	60.20330339906378
946	232154	0.0	0.90501314	Merger	119480500.0	100	20	0.26728603	1	389	139.42458336147186	224.43489948892093
947	258832	0.0	0.14677307	Merger	104251140.0	100	20	0.1000416	1	530	53.40848945750608	79.25172056076367
948	72978	-0.0743071507029995	1.4414206	next_progenitor	841963650.0	10	20	1.2369502	0	77	78.65081401041974	122.87634163305385
