	Subfind_ID	t-t_merg	q	Type	mass	int_type	center	SFR	num_mergers_in_last_2Gyr	N	r_1	r_2
96	17491	0.2447677449327105	1.4692492	Descendant	703666000.0	1000	13	3.5300977	0	89	585.8177948382397	612.8124297721159
97	33825	0.1677020300000009	0.17590365	Descendant	95091620.0	1000	13	0.4265145	1	361	60.97111093721486	186.68419208691114
98	2878	0.0	0.10125647	Merger	96642920.0	100	13	0.57794744	1	555	2.766439919248568	52.391569633196
99	6334	0.0	0.25367612	Merger	152160340.0	100	13	1.0245353	2	532	12.191276715540353	30.241876473138667
100	6335	0.0	0.5139543	Merger	104293050.0	100	13	0.26520383	1	738	58.89379293809442	70.87291663840486
101	6690	0.0	0.21855128	Merger	219815060.0	100	13	0.9895114	1	200	62.7892258404729	67.50694695511089
102	8317	0.0	0.2324089	Merger	589339650.0	100	13	4.488918	2	46	17.536646918807232	43.570104946481855
103	9834	0.0	0.15132529	Merger	173677460.0	100	13	0.8514824	2	400	15.968649973808969	40.9963838991435
104	10053	0.0	0.86982906	Merger	197061300.0	100	13	1.1606282	2	387	54.70627024546454	82.0731107490604
105	10849	0.0	0.25961024	Merger	474337180.0	100	13	2.4304721	3	82	62.63125588301385	77.14723577081232
106	11206	0.0	0.30640554	Merger	220654820.0	100	13	0.9817841	1	65	9.102303095664231	31.812339340738934
107	13035	0.0	0.5119674	Merger	1082256300.0	100	13	5.8450947	1	21	222.04182505299508	315.25406481018496
108	13141	0.0	0.20558754	Merger	122831670.0	100	13	0.4717887	1	312	33.30169385085934	34.75511341534883
109	15760	0.0	0.13110752	Merger	869059260.0	100	13	8.295783	1	32	296.5336997220954	311.7933149785461
110	16042	0.0	0.12977917	Merger	417295580.0	100	13	1.5036762	1	172	7.501083563573274	68.0220584928812
111	16177	0.0	0.2051207	Merger	791909800.0	100	13	5.044374	1	106	550.4909186201241	571.3899474049051
112	17164	0.0	0.21289493	Merger	182636240.0	100	13	1.1351367	1	242	30.089683283397004	85.96511488005592
113	18077	0.0	0.14603616	Merger	216536350.0	100	13	1.4064957	1	109	2.1080289410037283	41.04259501765476
114	18496	0.0	0.7439799	Merger	240012530.0	100	13	1.5646173	1	39	55.61901046825381	156.21906412822173
115	19744	0.0	0.34395814	Merger	349648030.0	100	13	1.4767877	1	92	9.229283446150632	57.337755296618866
116	21438	0.0	0.121951886	Merger	341866200.0	100	13	1.6998858	1	105	67.31068051899338	236.25512033334445
117	22275	0.0	0.18845071	Merger	327899620.0	100	13	1.2764843	2	332	84.31773462655218	84.59053872663104
118	24450	0.0	0.19062717	Merger	113551090.0	100	13	0.63928604	1	421	11.244712270328053	46.09121391920439
119	24759	0.0	0.1826363	Merger	274198370.0	100	13	1.3263963	2	185	38.17295763743106	71.43932354800361
120	24841	0.0	0.105632976	Merger	167411620.0	100	13	0.88439685	2	302	7.816986470623259	156.15123782802448
121	26240	0.0	0.21496466	Merger	412987500.0	100	13	1.4772176	1	56	41.85724248046276	226.64181087885316
122	27446	0.0	0.3049769	Merger	129985300.0	100	13	0.79889274	2	378	7.857732307526481	284.2156147136855
123	28681	0.0	0.65438193	Merger	102572590.0	100	13	0.6433024	1	335	13.300369457232334	101.51004336027302
124	29298	0.0	0.124486856	Merger	190785600.0	100	13	0.62693894	1	110	55.91667564485634	62.384802259519404
125	29476	0.0	0.6231339	Merger	322715100.0	100	13	1.9921795	2	164	79.07720443199196	93.08772525353986
126	29832	0.0	0.12347769	Merger	136356370.0	100	13	0.61517155	1	540	74.59594736368689	168.5360961243933
127	29906	0.0	0.17442277	Merger	172448240.0	100	13	0.9847227	1	119	3.8256301616248276	51.68801519010884
128	30165	0.0	0.27740628	Merger	235932110.0	100	13	1.3753575	2	208	237.01809396422615	331.6115760130298
129	30609	0.0	0.11807453	Merger	175752960.0	100	13	0.74464506	1	260	108.40279928877702	125.84702778451624
130	31674	0.0	0.13404821	Merger	198367070.0	100	13	0.6594944	1	85	143.82242553324016	151.18843731843455
131	31719	0.0	0.21363698	Merger	242895120.0	100	13	1.2654802	1	178	224.92802500802264	271.538233856278
132	32311	0.0	0.17021939	Merger	259008960.0	100	13	1.5529287	1	359	68.83386581670572	200.3227576398868
133	32656	0.0	0.122673005	Merger	155831680.0	100	13	0.6407991	1	193	21.48339331387705	143.06522830308202
134	33374	0.0	0.10001997	Merger	157321820.0	100	13	1.0860492	1	126	97.00719644982364	116.78177731605759
135	35622	0.0	0.1144097	Merger	107372424.0	100	13	0.55135065	2	517	18.46735061766083	87.37166427865165
136	35735	0.0	0.12385169	Merger	128422216.0	100	13	0.80563426	1	162	3.788172954862247	86.86143771373598
137	38447	0.0	0.43785855	Merger	213694780.0	100	13	0.5145681	1	93	58.399389920743886	59.95551942016272
138	38656	0.0	1.5993571	Merger	232875920.0	100	13	1.3518093	1	87	100.12530876964594	269.61446095049894
139	39942	0.0	0.3852322	Merger	191080370.0	100	13	1.0193367	1	399	87.62944248009977	209.23353547457864
140	42165	0.0	0.10616053	Merger	153382640.0	100	13	0.5171923	1	477	171.032053408544	231.82010998155215
141	43319	0.0	0.20264558	Merger	165762320.0	100	13	0.73811734	1	204	122.09081132238924	138.46035220676637
142	44009	0.0	0.75387996	Merger	121054510.0	100	13	0.48483416	1	154	359.0911785009141	395.23225295999106
143	44201	0.0	0.122840375	Merger	187819980.0	100	13	0.7623023	1	237	68.16163939134628	231.4688486456074
144	44420	0.0	0.14811787	Merger	86589770.0	100	13	0.42770815	1	483	70.25345602928152	138.6839716320725
145	44600	0.0	0.86183393	Merger	189044460.0	100	13	0.7608044	1	137	61.774334114161775	129.49447640008478
146	45040	0.0	0.52269495	Merger	106238340.0	100	13	0.65974677	1	108	103.56682478565993	112.7244242439175
147	45613	0.0	1.8031561	Merger	126031260.0	100	13	0.41084394	1	174	56.76611000595676	69.98374796080253
148	46020	0.0	0.86542624	Merger	125169224.0	100	13	0.69993	1	636	81.04427931621056	92.55689427045756
149	46514	0.0	2.018713	Merger	159140580.0	100	13	0.97595644	1	540	57.42057587689445	61.51091369029412
150	47576	0.0	0.10519914	Merger	157781800.0	100	13	0.50952524	1	346	104.42724211098559	194.10245045142105
151	47665	0.0	1.4936962	Merger	125997490.0	100	13	0.52566826	1	579	122.54421055679494	126.75033141576341
152	49714	0.0	0.117356114	Merger	112630450.0	100	13	0.76184624	1	196	65.54713350076332	90.10855681696421
153	50703	0.0	0.40364376	Merger	98274856.0	100	13	0.3924586	1	236	151.46406296566713	202.68079493769193
154	51244	0.0	0.17065224	Merger	117188820.0	100	13	0.50900376	1	665	99.83144471095959	222.157618559767
155	52052	0.0	0.15395568	Merger	162334780.0	100	13	0.70671296	1	111	196.58661647550431	216.27296623963016
156	52199	0.0	0.11266338	Merger	123284320.0	100	13	0.61632663	1	149	105.82745484248174	108.39680776306288
157	53573	0.0	0.22584723	Merger	112148170.0	100	13	0.5909678	1	186	61.23688236204658	289.13190416350415
158	53770	0.0	0.20032579	Merger	97773390.0	100	13	0.33694705	1	317	115.42262721102838	157.43862209953835
159	53991	0.0	0.16647287	Merger	125438260.0	100	13	0.5044874	1	392	217.9970049137772	362.78107738026125
160	54828	0.0	0.20047438	Merger	90834740.0	100	13	0.36272275	1	187	154.92270169167966	417.28173047819837
161	55309	0.0	0.75084794	Merger	178009680.0	100	13	0.5138335	1	194	421.5928955121479	446.75299436804767
162	59973	0.0	0.116637506	Merger	94837624.0	100	13	0.33889157	1	479	62.941756382658106	70.73469904338626
163	60155	0.0	0.21622083	Merger	173529860.0	100	13	0.40642333	1	75	481.141435315096	555.0488645078229
164	60399	0.0	0.1363602	Merger	89806510.0	100	13	0.35959044	1	267	16.630268370040906	32.69119262339648
165	60430	0.0	1.4322898	Merger	127137750.0	100	13	0.6711077	1	359	282.18752702523295	563.1516774445483
166	60766	0.0	0.76879084	Merger	108856060.0	100	13	0.25522444	1	344	85.96511488005592	102.6962138696743
167	63381	0.0	0.37971926	Merger	132303260.0	100	13	0.37540755	1	199	307.05142949495496	480.09859040636996
168	64040	0.0	0.22736602	Merger	106132670.0	100	13	0.481106	1	348	104.22885397774043	108.12352116004719
169	64153	0.0	0.7672431	Merger	89789096.0	100	13	0.46427283	2	201	129.61568684151308	153.39097189963303
170	66724	0.0	0.879683	Merger	133625720.0	100	13	0.48321077	1	291	533.4905793896137	536.7251470690624
171	69065	0.0	2.477041	Merger	95199816.0	100	13	0.49282104	1	124	97.41158441489787	211.27216376078115
172	74986	0.0	0.24109843	Merger	107737030.0	100	13	0.28209925	1	158	32.01768800749236	45.54871291017957
173	33607	-0.1805078499999997	0.89213353	next_progenitor	223455070.0	10	13	0.7644975	0	46	15.905827853340718	72.85859054491038
174	51875	-0.1805078499999997	0.97303	first_progenitor	117539050.0	1	13	0.48665038	0	272	47.256078471829035	88.56914131950867
175	27146	-0.2453214999999993	0.7666664	first_progenitor	218849680.0	1	13	0.5325532	0	166	102.41952175937404	104.32926448517932
176	27526	-0.3496466599999994	0.7798524	next_progenitor	345942140.0	10	13	1.7681302	0	62	126.01064441014366	175.57475313773634
177	26459	-0.4338698000000001	0.3638047	next_progenitor	208432140.0	10	13	0.77700555	0	106	135.78856814935492	137.19474095112574
