	Subfind_ID	t-t_merg	q	Type	mass	int_type	center	SFR	num_mergers_in_last_2Gyr	N	r_1	r_2
178	33916	0.121599230000001	0.11264139	Descendant	302734500.0	1010	14	1.5814066	1	350	65.11461946218186	195.4533131306022
179	23232	0.2013013200000006	0.3760174	Descendant	132094630.0	1000	14	0.3997359	0	289	2.3019721044537262	24.851628110195538
180	25323	0.121599230000001	0.17503673	Descendant	233405170.0	1000	14	0.48068136	1	96	54.431728167495756	56.202629458162164
181	44600	0.0335992899999997	0.86183393	Descendant	162355260.0	1000	14	0.80043447	0	245	78.84821563301252	116.00538645170607
182	939	0.0	0.2720395	Merger	3816024600.0	100	14	39.435326	1	5	65.20015954566837	81.63263424039468
183	1356	0.0	0.4111805	Merger	90555530.0	100	14	0.2572739	1	775	18.676340345975415	22.405018732047314
184	4301	0.0	0.13865758	Merger	5717699600.0	100	14	37.50759	1	24	171.03410905269368	388.76391354550975
185	5471	0.0	0.103623405	Merger	177144000.0	100	14	1.5280975	1	116	2.318746330446174	5.779341972911432
186	7959	0.0	0.24114934	Merger	3414269400.0	100	14	14.2884865	1	6	451.90987045018227	467.79635732430546
187	8300	0.0	0.34154102	Merger	586894200.0	100	14	2.956218	3	78	55.260523838205245	71.81816306937284
188	8856	0.0	0.26507962	Merger	268026770.0	100	14	0.9153021	1	115	5.750611741579252	45.79966358517418
189	9745	0.0	0.19023661	Merger	100205310.0	100	14	0.37489432	1	567	24.682155160623104	61.838312911805836
190	10344	0.0	0.16127405	Merger	308886940.0	100	14	1.3420463	1	166	7.510675697059944	52.91957190421944
191	10806	0.0	0.11151831	Merger	479727500.0	100	14	2.2578452	1	49	11.680224702365491	15.715373665308462
192	10992	0.0	0.25601852	Merger	440332860.0	100	14	1.7635157	1	56	20.581346853593	77.52852106245682
193	12178	0.0	0.9738591	Merger	86506960.0	100	14	0.3321756	1	167	2.992006389235004	47.85537175922728
194	15336	0.0	0.1106282	Merger	129786690.0	100	14	0.46998984	1	724	8.303891363045437	11.859539263072127
195	18816	0.0	0.106793374	Merger	173117330.0	100	14	0.73479635	1	148	34.328410027669015	235.78623608812813
196	20919	0.0	0.19502757	Merger	455170240.0	100	14	3.074326	2	132	4.625539739912408	291.6463364720467
197	21469	0.0	0.10340487	Merger	397738660.0	100	14	1.8338339	1	68	108.54207372494184	267.3538355615659
198	22072	0.0	0.26863194	Merger	611895550.0	100	14	3.879403	1	11	215.8116806809352	717.9512518323141
199	23233	0.0	0.19393334	Merger	136687470.0	100	14	0.5072352	1	278	24.540204165660555	24.851628110195538
200	25259	0.0	0.1791626	Merger	320689200.0	100	14	1.7683551	1	65	215.2222056980396	343.48385162091057
201	26269	0.0	0.6263262	Merger	86074700.0	100	14	0.236649	1	573	8.443626682600323	20.69959236584095
202	26485	0.0	2.7572954	Merger	239172580.0	100	14	1.3715277	2	258	153.55484733158102	162.2150201695345
203	28589	0.0	0.18406387	Merger	494717400.0	100	14	1.9987725	1	122	195.59312458960684	225.4579386148687
204	28911	0.0	0.12367003	Merger	275540540.0	100	14	1.7713588	1	170	735.7328764891686	742.7790220235229
205	31444	0.0	1.3527708	Merger	207581860.0	100	14	0.5084572	1	200	63.60444090849754	63.87666863805822
206	33964	0.0	0.10293224	Merger	165762820.0	100	14	0.5633027	2	243	5.423256257550451	135.95696826671409
207	37383	0.0	0.11341069	Merger	122048930.0	100	14	0.6805852	1	225	31.488139846599914	85.17272564589658
208	37937	0.0	0.12416678	Merger	272141300.0	100	14	1.1250886	1	69	87.72100665090505	103.91382949838754
209	38501	0.0	0.13442923	Merger	141366900.0	100	14	0.8203006	1	136	16.344740764002093	116.92824786120984
210	39419	0.0	0.12691496	Merger	401209950.0	100	14	1.2620585	1	168	325.85388171232427	367.26919797065966
211	40164	0.0	0.18790852	Merger	195418260.0	100	14	0.8221877	1	226	54.735434900998804	64.06018163916005
212	40754	0.0	0.28560287	Merger	269576100.0	100	14	0.9820674	1	83	97.70533939454916	118.22181964196409
213	41284	0.0	0.30425945	Merger	93035530.0	100	14	0.20414877	2	446	18.299456893696792	86.0023608295377
214	42381	0.0	0.2008538	Merger	228854020.0	100	14	0.67961144	1	272	62.79873505977796	107.98908239453715
215	43860	0.0	0.16497752	Merger	170948130.0	100	14	1.1674471	1	134	92.08204207399069	142.54431933287597
216	45347	0.0	0.10652973	Merger	215910080.0	100	14	0.7240858	1	91	325.09648544801513	367.35621200697176
217	45424	0.0	0.30292466	Merger	239383790.0	100	14	0.67047864	1	201	99.26844849892738	105.70042665889906
218	47766	0.0	1.0508567	Merger	125819704.0	100	14	0.6287824	1	283	35.92767788241253	114.7164224155003
219	47984	0.0	0.15804994	Merger	165251100.0	100	14	0.90210783	1	110	114.99728416548619	1050.3921968337288
220	48794	0.0	0.18414244	Merger	116693180.0	100	14	0.6412419	1	297	109.60206073923241	116.00073496375875
221	52183	0.0	1.966183	Merger	98978960.0	100	14	0.73655695	2	409	36.53706621918968	48.341967131715926
222	52316	0.0	0.1921126	Merger	191565630.0	100	14	0.8098232	1	195	278.64414057636844	445.17414331553204
223	52376	0.0	1.6736143	Merger	130259990.0	100	14	0.47948444	1	182	128.23674141397817	129.62233385061134
224	52848	0.0	0.1261543	Merger	140314600.0	100	14	0.50635695	2	641	79.04180276286081	90.58127790909757
225	53005	0.0	0.10224461	Merger	145854320.0	100	14	0.95160455	2	168	62.43486462920415	90.53067830689028
226	53189	0.0	0.116926104	Merger	136901970.0	100	14	0.6464381	2	642	95.56121779854016	217.26197530567399
227	53619	0.0	0.23128931	Merger	178502690.0	100	14	0.6185407	2	64	51.262371390437046	171.40530173716965
228	53939	0.0	0.16929583	Merger	167359340.0	100	14	0.6622603	1	474	101.4093790618937	158.240545099788
229	54301	0.0	0.34774464	Merger	155184270.0	100	14	0.5979405	1	226	3.5244602490870296	98.24147836516492
230	56876	0.0	2.330016	Merger	128544530.0	100	14	0.5477309	1	134	35.57720232342829	52.306934247747186
231	59682	0.0	0.5335556	Merger	99115760.0	100	14	0.5812522	1	175	5.236084536772917	97.7714388020952
232	59868	0.0	0.16290341	Merger	90327350.0	100	14	0.58244646	2	221	70.91874483595679	109.43551384097701
233	64573	0.0	0.17295219	Merger	151030900.0	100	14	0.6213414	1	343	281.39021550981613	570.1230295756263
234	64931	0.0	0.41073692	Merger	155432220.0	100	14	0.41248572	1	234	50.44175724569312	90.22406373495943
235	67628	0.0	0.107980445	Merger	87170940.0	100	14	0.37825716	2	245	55.29318202517358	91.9398482870862
236	67980	0.0	0.12574121	Merger	119093520.0	100	14	0.34637025	1	751	41.0874837099906	53.35231697201033
237	70391	0.0	0.21807808	Merger	93702250.0	100	14	0.4182643	1	374	106.18953958096799	131.83250093771537
238	74327	0.0	0.37469134	Merger	110265270.0	100	14	0.38347685	1	121	96.50629206170974	374.390646261044
239	80478	0.0	0.12665087	Merger	92261480.0	100	14	0.28908825	1	344	88.06455900717337	164.56983664474396
240	83437	0.0	0.1810948	Merger	102445580.0	100	14	0.36398318	2	142	106.93820564969182	120.53259054560417
241	18081	-0.070864349999999	0.2818393	next_progenitor	362365020.0	10	14	1.6630145	0	227	14.680899922102753	80.72628973108387
242	61109	-0.1469085599999999	0.2861299	next_progenitor	84305130.0	10	14	0.22075523	0	322	5.300043410730644	33.89843248190045
243	54949	-0.1469085599999999	0.14883043	next_progenitor	134706820.0	10	14	0.75145906	1	181	59.66030451169275	289.2307275013863
244	66883	-0.4002705100000003	0.123923235	next_progenitor	100520120.0	10	14	0.30502626	0	240	12.85403412053661	50.250239611738394
245	66776	-0.4002705100000003	0.934904	next_progenitor	101096856.0	10	14	0.27937078	0	258	33.63413594818871	77.97094008377289
246	73052	-0.4002705100000003	0.21483184	next_progenitor	94800480.0	10	14	0.26026458	0	382	83.08337938192285	334.11417679509117
