Subfind_ID	t-t_merg	q	Type	mass
66919	-0.34820988000000064	0.13527536	first_progenitor	0.0
74463	-0.34820988000000064	0.13527536	next_progenitor	334530.8
25392	-0.34820988000000064	0.15902491	first_progenitor	0.0
21895	-0.34820988000000064	0.15902491	next_progenitor	171912.95
8149	-0.34820988000000064	0.21884185	first_progenitor	0.0
8146	-0.34820988000000064	0.21884185	next_progenitor	0.0
6758	-0.34820988000000064	0.12321083	first_progenitor	0.0
6760	-0.34820988000000064	0.12321083	next_progenitor	127031.64
34682	-0.34820988000000064	0.21205863	first_progenitor	0.0
34683	-0.34820988000000064	0.21205863	next_progenitor	0.0
7248	-0.34820988000000064	0.11808162	first_progenitor	0.0
7249	-0.34820988000000064	0.11808162	next_progenitor	59239.227
10162	-0.34820988000000064	0.20695333	first_progenitor	0.0
8106	-0.34820988000000064	0.20695333	next_progenitor	137666.77
15901	-0.34820988000000064	0.3065571	first_progenitor	10265444.0
33117	-0.34820988000000064	0.3065571	next_progenitor	74165.375
11641	-0.34820988000000064	0.4750836	first_progenitor	0.0
11640	-0.34820988000000064	0.4750836	next_progenitor	89632.34
155988	-0.34820988000000064	0.14624692	first_progenitor	66287.46
628677	-0.34820988000000064	0.14624692	next_progenitor	121929.32
17086	-0.34820988000000064	1.107653	first_progenitor	0.0
5957	-0.34820988000000064	1.107653	next_progenitor	0.0
9772	-0.34820988000000064	0.9430547	first_progenitor	0.0
12168	-0.34820988000000064	0.9430547	next_progenitor	80836.75
14241	-0.34820988000000064	0.21299241	first_progenitor	0.0
12196	-0.34820988000000064	0.21299241	next_progenitor	0.0
16804	-0.34820988000000064	0.11788981	first_progenitor	0.0
16818	-0.34820988000000064	0.11788981	next_progenitor	728673.3
66488	-0.34820988000000064	1.2629613	first_progenitor	0.0
66493	-0.34820988000000064	1.2629613	next_progenitor	2522308.0
24177	-0.34820988000000064	0.19326612	first_progenitor	0.0
49724	-0.34820988000000064	0.19326612	next_progenitor	304329.16
24949	-0.34820988000000064	0.40785822	first_progenitor	0.0
21915	-0.34820988000000064	0.40785822	next_progenitor	202507410.0
12303	-0.34820988000000064	0.43652907	first_progenitor	3575684.2
24290	-0.34820988000000064	0.43652907	next_progenitor	0.0
39397	-0.34820988000000064	0.188479	first_progenitor	9626277.0
39398	-0.34820988000000064	0.188479	next_progenitor	497262.16
20860	-0.34820988000000064	0.33178386	first_progenitor	47154.027
20861	-0.34820988000000064	0.33178386	next_progenitor	0.0
31368	-0.34820988000000064	1.2847502	first_progenitor	0.0
26142	-0.34820988000000064	1.2847502	next_progenitor	0.0
59102	-0.34820988000000064	0.16048294	first_progenitor	1036465.4
66393	-0.34820988000000064	0.16048294	next_progenitor	47817.09
53605	-0.34820988000000064	0.23147942	first_progenitor	271937.72
53604	-0.34820988000000064	0.23147942	next_progenitor	193104.64
47097	-0.34820988000000064	0.12791629	first_progenitor	224085.22
47098	-0.34820988000000064	0.12791629	next_progenitor	238138.64
43355	-0.34820988000000064	1.3252118	first_progenitor	6603771.0
62525	-0.34820988000000064	1.3252118	next_progenitor	0.0
23924	-0.34820988000000064	0.108012445	first_progenitor	206515.75
23925	-0.34820988000000064	0.108012445	next_progenitor	0.0
83704	-0.34820988000000064	0.13936184	first_progenitor	0.0
181578	-0.34820988000000064	0.13936184	next_progenitor	0.0
24865	-0.34820988000000064	0.85779047	first_progenitor	657183.6
99004	-0.34820988000000064	0.85779047	next_progenitor	0.0
56566	-0.34820988000000064	1.6594245	first_progenitor	0.0
2084026	-0.34820988000000064	1.6594245	next_progenitor	0.0
62379	-0.34820988000000064	0.16998622	first_progenitor	0.0
62380	-0.34820988000000064	0.16998622	next_progenitor	53830.15
35598	-0.34820988000000064	0.17708202	first_progenitor	0.0
72971	-0.34820988000000064	0.17708202	next_progenitor	112797.46
46244	-0.34820988000000064	0.61911076	first_progenitor	88995.28
98299	-0.34820988000000064	0.61911076	next_progenitor	51002.344
47753	-0.34820988000000064	0.82881325	first_progenitor	264176.84
47754	-0.34820988000000064	0.82881325	next_progenitor	132776.02
61782	-0.34820988000000064	0.4868743	first_progenitor	0.0
66643	-0.34820988000000064	0.4868743	next_progenitor	0.0
75929	-0.34820988000000064	0.53601056	first_progenitor	65980.78
84800	-0.34820988000000064	0.53601056	next_progenitor	0.0
38260	-0.34820988000000064	0.16465916	first_progenitor	46787.79
31652	-0.34820988000000064	0.16465916	next_progenitor	40723.742
27292	-0.34820988000000064	1.0152146	first_progenitor	0.0
27293	-0.34820988000000064	1.0152146	next_progenitor	62913.04
29979	-0.34820988000000064	0.14717907	first_progenitor	0.0
29981	-0.34820988000000064	0.14717907	next_progenitor	38290028.0
1122339	-0.34820988000000064	0.98809934	first_progenitor	0.0
114981	-0.34820988000000064	0.98809934	next_progenitor	65775.11
47563	-0.34820988000000064	0.4343274	first_progenitor	0.0
65592	-0.34820988000000064	0.4343274	next_progenitor	255065.78
72715	-0.34820988000000064	0.89213353	first_progenitor	0.0
34310	-0.34820988000000064	0.89213353	next_progenitor	147675.84
27955	-0.34820988000000064	0.6951173	first_progenitor	547290.25
27957	-0.34820988000000064	0.6951173	next_progenitor	111999.69
301084	-0.34820988000000064	0.34809214	first_progenitor	0.0
48429	-0.34820988000000064	0.34809214	next_progenitor	53927.67
55279	-0.34820988000000064	0.15779805	first_progenitor	55369.008
55280	-0.34820988000000064	0.15779805	next_progenitor	0.0
62819	-0.34820988000000064	1.0308341	first_progenitor	0.0
65036	-0.34820988000000064	1.0308341	next_progenitor	108617.37
36217	-0.34820988000000064	0.2861299	first_progenitor	131082.39
36216	-0.34820988000000064	0.2861299	next_progenitor	32905.055
26123	-0.34820988000000064	0.16185486	first_progenitor	0.0
57618	-0.34820988000000064	0.16185486	next_progenitor	251363.58
40115	-0.34820988000000064	0.1579066	first_progenitor	875148.4
32382	-0.34820988000000064	0.1579066	next_progenitor	0.0
45465	-0.34820988000000064	0.19147402	first_progenitor	222732.95
78721	-0.34820988000000064	0.19147402	next_progenitor	122985.65
30461	-0.34820988000000064	0.14883043	first_progenitor	0.0
47805	-0.34820988000000064	0.14883043	next_progenitor	0.0
40470	-0.34820988000000064	0.12790757	first_progenitor	0.0
40471	-0.34820988000000064	0.12790757	next_progenitor	0.0
40681	-0.34820988000000064	0.1544124	first_progenitor	0.0
96923	-0.34820988000000064	0.1544124	next_progenitor	102484.78
31507	-0.34820988000000064	0.14996919	first_progenitor	140780.58
31504	-0.34820988000000064	0.14996919	next_progenitor	0.0
38575	-0.34820988000000064	0.17370342	first_progenitor	690518.44
38576	-0.34820988000000064	0.17370342	next_progenitor	448483.4
24758	-0.34820988000000064	0.1738987	first_progenitor	85155440.0
20643	-0.34820988000000064	0.1738987	next_progenitor	0.0
221791	-0.34820988000000064	0.26172078	first_progenitor	303534.44
58372	-0.34820988000000064	0.26172078	next_progenitor	0.0
27482	-0.34820988000000064	0.34014332	first_progenitor	0.0
27483	-0.34820988000000064	0.34014332	next_progenitor	0.0
30941	-0.34820988000000064	0.9542268	first_progenitor	62400.465
31825	-0.34820988000000064	0.9542268	next_progenitor	0.0
47778	-0.34820988000000064	0.23078837	first_progenitor	228092.73
47777	-0.34820988000000064	0.23078837	next_progenitor	51105.164
62419	-0.34820988000000064	0.22648351	first_progenitor	41600.215
62418	-0.34820988000000064	0.22648351	next_progenitor	0.0
42801	-0.34820988000000064	0.15854278	first_progenitor	0.0
36575	-0.34820988000000064	0.15854278	next_progenitor	0.0
45525	-0.34820988000000064	0.81771815	first_progenitor	0.0
45526	-0.34820988000000064	0.81771815	next_progenitor	0.0
39445	-0.34820988000000064	0.97303	first_progenitor	117247.15
39446	-0.34820988000000064	0.97303	next_progenitor	0.0
38227	-0.34820988000000064	0.4862109	first_progenitor	0.0
38226	-0.34820988000000064	0.4862109	next_progenitor	0.0
41499	-0.34820988000000064	0.11319851	first_progenitor	0.0
38372	-0.34820988000000064	0.11319851	next_progenitor	704373.0
45319	-0.34820988000000064	0.8128654	first_progenitor	0.0
45318	-0.34820988000000064	0.8128654	next_progenitor	0.0
75161	-0.34820988000000064	0.20284298	first_progenitor	248392.6
85687	-0.34820988000000064	0.20284298	next_progenitor	315475.3
48620	-0.34820988000000064	1.3013507	first_progenitor	95596.06
93474	-0.34820988000000064	1.3013507	next_progenitor	0.0
39986	-0.34820988000000064	0.40761924	first_progenitor	0.0
39979	-0.34820988000000064	0.40761924	next_progenitor	0.0
49389	-0.34820988000000064	0.2101916	first_progenitor	67446.05
49387	-0.34820988000000064	0.2101916	next_progenitor	0.0
43057	-0.34820988000000064	0.8417415	first_progenitor	0.0
38336	-0.34820988000000064	0.8417415	next_progenitor	0.0
42527	-0.34820988000000064	0.20674653	first_progenitor	0.0
42525	-0.34820988000000064	0.20674653	next_progenitor	0.0
94724	-0.34820988000000064	0.13122135	first_progenitor	67137.61
60537	-0.34820988000000064	0.13122135	next_progenitor	99573.75
35446	-0.34820988000000064	1.003746	first_progenitor	108068.03
29502	-0.34820988000000064	1.003746	next_progenitor	646745.8
38599	-0.34820988000000064	0.14860225	first_progenitor	882595.75
33204	-0.34820988000000064	0.14860225	next_progenitor	178474.94
38976	-0.34820988000000064	0.13630678	first_progenitor	0.0
38977	-0.34820988000000064	0.13630678	next_progenitor	32747.045
43704	-0.34820988000000064	0.13390648	first_progenitor	0.0
43705	-0.34820988000000064	0.13390648	next_progenitor	0.0
