Subfind_ID	t-t_merg	q	Type	mass
138427	-0.25856172070299976	0.21953477	first_progenitor	0.0
138428	-0.25856172070299976	0.21953477	next_progenitor	0.0
131997	-0.25856172070299976	0.102228284	first_progenitor	0.0
132001	-0.25856172070299976	0.102228284	next_progenitor	190317.92
71781	-0.25856172070299976	0.25924918	first_progenitor	98121.266
71783	-0.25856172070299976	0.25924918	next_progenitor	0.0
7371	-0.25856172070299976	0.12733078	first_progenitor	0.0
7374	-0.25856172070299976	0.12733078	next_progenitor	0.0
52755	-0.25856172070299976	0.10297958	first_progenitor	0.0
46306	-0.25856172070299976	0.10297958	next_progenitor	0.0
40525	-0.25856172070299976	0.12912703	first_progenitor	217462.56
40532	-0.25856172070299976	0.12912703	next_progenitor	0.0
43636	-0.25856172070299976	0.3054733	first_progenitor	65773.336
43634	-0.25856172070299976	0.3054733	next_progenitor	47672.875
11874	-0.25856172070299976	0.11163577	first_progenitor	0.0
11879	-0.25856172070299976	0.11163577	next_progenitor	0.0
8706	-0.25856172070299976	0.2334646	first_progenitor	0.0
8714	-0.25856172070299976	0.2334646	next_progenitor	0.0
99685	-0.25856172070299976	0.4969512	first_progenitor	0.0
99721	-0.25856172070299976	0.4969512	next_progenitor	0.0
37737	-0.25856172070299976	0.18662061	first_progenitor	3382947.8
37742	-0.25856172070299976	0.18662061	next_progenitor	138310.95
37505	-0.25856172070299976	0.27518788	first_progenitor	82004.64
34036	-0.25856172070299976	0.27518788	next_progenitor	0.0
24401	-0.25856172070299976	0.10898539	first_progenitor	41033.336
24402	-0.25856172070299976	0.10898539	next_progenitor	94986.65
124779	-0.25856172070299976	0.16770609	first_progenitor	0.0
240017	-0.25856172070299976	0.16770609	next_progenitor	0.0
31396	-0.25856172070299976	0.41103733	first_progenitor	0.0
31394	-0.25856172070299976	0.41103733	next_progenitor	0.0
13289	-0.25856172070299976	0.23699342	first_progenitor	0.0
13290	-0.25856172070299976	0.23699342	next_progenitor	0.0
81179	-0.25856172070299976	0.16367471	first_progenitor	60367.06
81181	-0.25856172070299976	0.16367471	next_progenitor	63385.246
80532	-0.25856172070299976	0.13225505	first_progenitor	0.0
80538	-0.25856172070299976	0.13225505	next_progenitor	0.0
59668	-0.25856172070299976	0.20704567	first_progenitor	0.0
59669	-0.25856172070299976	0.20704567	next_progenitor	0.0
22379	-0.25856172070299976	0.9816835	first_progenitor	30468.836
18907	-0.25856172070299976	0.9816835	next_progenitor	0.0
48484	-0.25856172070299976	0.265201	first_progenitor	0.0
46618	-0.25856172070299976	0.265201	next_progenitor	0.0
85474	-0.25856172070299976	0.88772625	first_progenitor	0.0
87526	-0.25856172070299976	0.88772625	next_progenitor	2336730.2
22792	-0.25856172070299976	0.33303002	first_progenitor	0.0
22793	-0.25856172070299976	0.33303002	next_progenitor	0.0
27072	-0.25856172070299976	0.15467462	first_progenitor	0.0
24041	-0.25856172070299976	0.15467462	next_progenitor	40839.54
20050	-0.25856172070299976	0.37566203	first_progenitor	0.0
20049	-0.25856172070299976	0.37566203	next_progenitor	61397.035
25691	-0.25856172070299976	0.10045413	first_progenitor	64111.574
25692	-0.25856172070299976	0.10045413	next_progenitor	0.0
33713	-0.25856172070299976	1.6519411	first_progenitor	0.0
37024	-0.25856172070299976	1.6519411	next_progenitor	0.0
37005	-0.25856172070299976	0.22657672	first_progenitor	0.0
37007	-0.25856172070299976	0.22657672	next_progenitor	0.0
69439	-0.25856172070299976	0.4614387	first_progenitor	0.0
63968	-0.25856172070299976	0.4614387	next_progenitor	0.0
50778	-0.25856172070299976	0.106212616	first_progenitor	0.0
50779	-0.25856172070299976	0.106212616	next_progenitor	0.0
29200	-0.25856172070299976	0.8081085	first_progenitor	0.0
29199	-0.25856172070299976	0.8081085	next_progenitor	0.0
25222	-0.25856172070299976	0.20593457	first_progenitor	61446.74
25225	-0.25856172070299976	0.20593457	next_progenitor	83035.06
81829	-0.25856172070299976	0.30845565	first_progenitor	48127.89
81832	-0.25856172070299976	0.30845565	next_progenitor	278773.84
113457	-0.25856172070299976	1.4108928	first_progenitor	263267.8
123179	-0.25856172070299976	1.4108928	next_progenitor	0.0
38146	-0.25856172070299976	0.27678418	first_progenitor	0.0
33699	-0.25856172070299976	0.27678418	next_progenitor	0.0
31419	-0.25856172070299976	1.6031926	first_progenitor	46939.633
30668	-0.25856172070299976	1.6031926	next_progenitor	0.0
55923	-0.25856172070299976	0.22950748	first_progenitor	0.0
55924	-0.25856172070299976	0.22950748	next_progenitor	0.0
28696	-0.25856172070299976	0.12951116	first_progenitor	0.0
28698	-0.25856172070299976	0.12951116	next_progenitor	0.0
36824	-0.25856172070299976	0.19181786	first_progenitor	0.0
32630	-0.25856172070299976	0.19181786	next_progenitor	0.0
84672	-0.25856172070299976	0.11392704	first_progenitor	0.0
75221	-0.25856172070299976	0.11392704	next_progenitor	0.0
54084	-0.25856172070299976	0.16116722	first_progenitor	111892.195
82765	-0.25856172070299976	0.16116722	next_progenitor	0.0
39435	-0.25856172070299976	0.10458582	first_progenitor	44127.867
34151	-0.25856172070299976	0.10458582	next_progenitor	0.0
77510	-0.25856172070299976	0.30214474	first_progenitor	0.0
77511	-0.25856172070299976	0.30214474	next_progenitor	0.0
68210	-0.25856172070299976	0.16575207	first_progenitor	0.0
71681	-0.25856172070299976	0.16575207	next_progenitor	0.0
76519	-0.25856172070299976	1.3472642	first_progenitor	0.0
75156	-0.25856172070299976	1.3472642	next_progenitor	4279952.0
31078	-0.25856172070299976	0.40491354	first_progenitor	0.0
89081	-0.25856172070299976	0.40491354	next_progenitor	59303.133
156094	-0.25856172070299976	0.17104186	first_progenitor	54809.168
137724	-0.25856172070299976	0.17104186	next_progenitor	0.0
41198	-0.25856172070299976	0.17165336	first_progenitor	0.0
41201	-0.25856172070299976	0.17165336	next_progenitor	55820.773
50614	-0.25856172070299976	2.8078454	first_progenitor	88980.266
50635	-0.25856172070299976	2.8078454	next_progenitor	0.0
41856	-0.25856172070299976	0.15007362	first_progenitor	0.0
41861	-0.25856172070299976	0.15007362	next_progenitor	0.0
36927	-0.25856172070299976	0.3427454	first_progenitor	0.0
33405	-0.25856172070299976	0.3427454	next_progenitor	316270.66
46453	-0.25856172070299976	0.47076967	first_progenitor	444633.75
46454	-0.25856172070299976	0.47076967	next_progenitor	283598.3
60140	-0.25856172070299976	0.52237415	first_progenitor	0.0
60139	-0.25856172070299976	0.52237415	next_progenitor	527131.2
55797	-0.25856172070299976	0.23553185	first_progenitor	0.0
35249	-0.25856172070299976	0.23553185	next_progenitor	0.0
90462	-0.25856172070299976	0.15948531	first_progenitor	0.0
90466	-0.25856172070299976	0.15948531	next_progenitor	0.0
199684	-0.25856172070299976	1.1466823	first_progenitor	64014.418
241086	-0.25856172070299976	1.1466823	next_progenitor	0.0
71313	-0.25856172070299976	0.18430346	first_progenitor	0.0
71311	-0.25856172070299976	0.18430346	next_progenitor	0.0
124053	-0.25856172070299976	1.681557	first_progenitor	0.0
124067	-0.25856172070299976	1.681557	next_progenitor	139559000.0
53025	-0.25856172070299976	1.4414206	first_progenitor	0.0
53029	-0.25856172070299976	1.4414206	next_progenitor	0.0
44150	-0.25856172070299976	0.17284395	first_progenitor	44345.855
44154	-0.25856172070299976	0.17284395	next_progenitor	136695.53
59822	-0.25856172070299976	0.12454628	first_progenitor	0.0
59824	-0.25856172070299976	0.12454628	next_progenitor	0.0
83008	-0.25856172070299976	0.18007143	first_progenitor	0.0
83010	-0.25856172070299976	0.18007143	next_progenitor	0.0
92971	-0.25856172070299976	1.047501	first_progenitor	0.0
92972	-0.25856172070299976	1.047501	next_progenitor	0.0
111103	-0.25856172070299976	0.13650897	first_progenitor	0.0
111105	-0.25856172070299976	0.13650897	next_progenitor	0.0
158698	-0.25856172070299976	0.11890814	first_progenitor	0.0
4016562	-0.25856172070299976	0.11890814	next_progenitor	0.0
142025	-0.25856172070299976	0.20983385	first_progenitor	42845.945
142026	-0.25856172070299976	0.20983385	next_progenitor	0.0
82293	-0.25856172070299976	1.0390518	first_progenitor	0.0
82294	-0.25856172070299976	1.0390518	next_progenitor	0.0
99585	-0.25856172070299976	0.13313884	first_progenitor	177057.03
99587	-0.25856172070299976	0.13313884	next_progenitor	146152.39
169774	-0.25856172070299976	0.121883094	first_progenitor	6163206.5
169777	-0.25856172070299976	0.121883094	next_progenitor	1020305.5
64180	-0.25856172070299976	0.11776101	first_progenitor	116219.805
64210	-0.25856172070299976	0.11776101	next_progenitor	0.0
93706	-0.25856172070299976	0.100441605	first_progenitor	0.0
59269	-0.25856172070299976	0.100441605	next_progenitor	71732.43
63445	-0.25856172070299976	0.14279865	first_progenitor	94582.09
63446	-0.25856172070299976	0.14279865	next_progenitor	0.0
94561	-0.25856172070299976	0.27633536	first_progenitor	0.0
94563	-0.25856172070299976	0.27633536	next_progenitor	0.0
62994	-0.25856172070299976	0.14873715	first_progenitor	0.0
62995	-0.25856172070299976	0.14873715	next_progenitor	39786.62
62062	-0.25856172070299976	0.26256877	first_progenitor	66030.28
62063	-0.25856172070299976	0.26256877	next_progenitor	0.0
64933	-0.25856172070299976	0.11663461	first_progenitor	0.0
54594	-0.25856172070299976	0.11663461	next_progenitor	0.0
75290	-0.25856172070299976	1.6583338	first_progenitor	0.0
75316	-0.25856172070299976	1.6583338	next_progenitor	0.0
51912	-0.25856172070299976	0.20420794	first_progenitor	0.0
97515	-0.25856172070299976	0.20420794	next_progenitor	66902.54
124948	-0.25856172070299976	0.6644817	first_progenitor	65482.348
113511	-0.25856172070299976	0.6644817	next_progenitor	0.0
87144	-0.25856172070299976	0.89676404	first_progenitor	0.0
87169	-0.25856172070299976	0.89676404	next_progenitor	0.0
71029	-0.25856172070299976	0.25534552	first_progenitor	0.0
71033	-0.25856172070299976	0.25534552	next_progenitor	0.0
74898	-0.25856172070299976	0.3044084	first_progenitor	0.0
74899	-0.25856172070299976	0.3044084	next_progenitor	0.0
91144	-0.25856172070299976	0.25324494	first_progenitor	204229.73
81146	-0.25856172070299976	0.25324494	next_progenitor	0.0
140077	-0.25856172070299976	0.11610681	first_progenitor	0.0
300144	-0.25856172070299976	0.11610681	next_progenitor	0.0
83312	-0.25856172070299976	0.14227895	first_progenitor	0.0
75757	-0.25856172070299976	0.14227895	next_progenitor	53665.664
77076	-0.25856172070299976	0.14912024	first_progenitor	41092.953
69248	-0.25856172070299976	0.14912024	next_progenitor	0.0
83716	-0.25856172070299976	0.20896445	first_progenitor	0.0
120148	-0.25856172070299976	0.20896445	next_progenitor	0.0
84541	-0.25856172070299976	0.114017256	first_progenitor	61195.63
75298	-0.25856172070299976	0.114017256	next_progenitor	0.0
92239	-0.25856172070299976	0.26006517	first_progenitor	0.0
88689	-0.25856172070299976	0.26006517	next_progenitor	0.0
91048	-0.25856172070299976	0.102934346	first_progenitor	194925.56
91052	-0.25856172070299976	0.102934346	next_progenitor	115342.06
79121	-0.25856172070299976	0.16139147	first_progenitor	0.0
79123	-0.25856172070299976	0.16139147	next_progenitor	0.0
82841	-0.25856172070299976	3.2212238	first_progenitor	0.0
82851	-0.25856172070299976	3.2212238	next_progenitor	0.0
77556	-0.25856172070299976	0.1043462	first_progenitor	116026.55
77558	-0.25856172070299976	0.1043462	next_progenitor	62099.63
87541	-0.25856172070299976	0.11029404	first_progenitor	84533.19
92416	-0.25856172070299976	0.11029404	next_progenitor	142522.28
91678	-0.25856172070299976	1.4385395	first_progenitor	0.0
91718	-0.25856172070299976	1.4385395	next_progenitor	190094.48
111644	-0.25856172070299976	0.4306798	first_progenitor	113841.85
103973	-0.25856172070299976	0.4306798	next_progenitor	0.0
156692	-0.25856172070299976	0.112875514	first_progenitor	55983.074
156693	-0.25856172070299976	0.112875514	next_progenitor	0.0
142078	-0.25856172070299976	0.62229776	first_progenitor	0.0
142080	-0.25856172070299976	0.62229776	next_progenitor	0.0
116597	-0.25856172070299976	0.23965922	first_progenitor	0.0
116598	-0.25856172070299976	0.23965922	next_progenitor	180445.86
91862	-0.25856172070299976	0.15495613	first_progenitor	84340.86
91863	-0.25856172070299976	0.15495613	next_progenitor	435977.6
133664	-0.25856172070299976	1.2180855	first_progenitor	0.0
123076	-0.25856172070299976	1.2180855	next_progenitor	0.0
82421	-0.25856172070299976	1.4290589	first_progenitor	41273.094
82473	-0.25856172070299976	1.4290589	next_progenitor	264532.12
93502	-0.25856172070299976	0.15481101	first_progenitor	0.0
93503	-0.25856172070299976	0.15481101	next_progenitor	0.0
128369	-0.25856172070299976	0.11876136	first_progenitor	0.0
97978	-0.25856172070299976	0.11876136	next_progenitor	0.0
74923	-0.25856172070299976	2.5889075	first_progenitor	1981439.4
85372	-0.25856172070299976	2.5889075	next_progenitor	0.0
102900	-0.25856172070299976	0.23238878	first_progenitor	73200.74
102901	-0.25856172070299976	0.23238878	next_progenitor	53971.465
108619	-0.25856172070299976	0.20640956	first_progenitor	1180112.2
108620	-0.25856172070299976	0.20640956	next_progenitor	925393.44
87423	-0.25856172070299976	0.17343569	first_progenitor	0.0
81384	-0.25856172070299976	0.17343569	next_progenitor	51013.94
98009	-0.25856172070299976	1.027742	first_progenitor	0.0
89417	-0.25856172070299976	1.027742	next_progenitor	0.0
102092	-0.25856172070299976	0.957965	first_progenitor	0.0
89197	-0.25856172070299976	0.957965	next_progenitor	0.0
110675	-0.25856172070299976	0.12483935	first_progenitor	69317.555
99049	-0.25856172070299976	0.12483935	next_progenitor	4535899.5
145884	-0.25856172070299976	0.17196546	first_progenitor	1620904.0
145886	-0.25856172070299976	0.17196546	next_progenitor	750728.2
140503	-0.25856172070299976	0.6387228	first_progenitor	257342.06
140502	-0.25856172070299976	0.6387228	next_progenitor	183130.97
144882	-0.25856172070299976	0.1633898	first_progenitor	167439.44
144883	-0.25856172070299976	0.1633898	next_progenitor	0.0
133803	-0.25856172070299976	0.12697463	first_progenitor	0.0
133804	-0.25856172070299976	0.12697463	next_progenitor	0.0
137599	-0.25856172070299976	0.17695436	first_progenitor	647766.5
206254	-0.25856172070299976	0.17695436	next_progenitor	46916540.0
105402	-0.25856172070299976	0.23196653	first_progenitor	0.0
105403	-0.25856172070299976	0.23196653	next_progenitor	71132.71
102691	-0.25856172070299976	0.13568757	first_progenitor	158741.58
207925	-0.25856172070299976	0.13568757	next_progenitor	40774.75
108432	-0.25856172070299976	0.40296912	first_progenitor	0.0
108430	-0.25856172070299976	0.40296912	next_progenitor	0.0
116275	-0.25856172070299976	0.40668905	first_progenitor	0.0
110150	-0.25856172070299976	0.40668905	next_progenitor	0.0
184069	-0.25856172070299976	0.7652639	first_progenitor	0.0
215176	-0.25856172070299976	0.7652639	next_progenitor	0.0
103669	-0.25856172070299976	0.17742045	first_progenitor	67464.2
91416	-0.25856172070299976	0.17742045	next_progenitor	0.0
109273	-0.25856172070299976	0.1481603	first_progenitor	0.0
109274	-0.25856172070299976	0.1481603	next_progenitor	0.0
114337	-0.25856172070299976	0.42196333	first_progenitor	0.0
114338	-0.25856172070299976	0.42196333	next_progenitor	0.0
138579	-0.25856172070299976	0.11513173	first_progenitor	0.0
138581	-0.25856172070299976	0.11513173	next_progenitor	0.0
121002	-0.25856172070299976	0.20181818	first_progenitor	0.0
121004	-0.25856172070299976	0.20181818	next_progenitor	0.0
123301	-0.25856172070299976	0.14144726	first_progenitor	0.0
123303	-0.25856172070299976	0.14144726	next_progenitor	83740.29
277613	-0.25856172070299976	0.37744606	first_progenitor	0.0
197912	-0.25856172070299976	0.37744606	next_progenitor	0.0
106273	-0.25856172070299976	0.10615922	first_progenitor	0.0
89690	-0.25856172070299976	0.10615922	next_progenitor	0.0
143649	-0.25856172070299976	0.2945235	first_progenitor	110294.375
143651	-0.25856172070299976	0.2945235	next_progenitor	0.0
152872	-0.25856172070299976	0.16033535	first_progenitor	0.0
133010	-0.25856172070299976	0.16033535	next_progenitor	0.0
51851	-0.25856172070299976	0.25763103	first_progenitor	0.0
82182	-0.25856172070299976	0.25763103	next_progenitor	132610.86
124490	-0.25856172070299976	0.2511238	first_progenitor	917938.2
124491	-0.25856172070299976	0.2511238	next_progenitor	356159.1
102256	-0.25856172070299976	0.166014	first_progenitor	410375.56
102259	-0.25856172070299976	0.166014	next_progenitor	472290.44
121591	-0.25856172070299976	4.006748	first_progenitor	0.0
130517	-0.25856172070299976	4.006748	next_progenitor	0.0
141493	-0.25856172070299976	0.21718821	first_progenitor	0.0
135500	-0.25856172070299976	0.21718821	next_progenitor	0.0
117187	-0.25856172070299976	0.34303373	first_progenitor	0.0
102648	-0.25856172070299976	0.34303373	next_progenitor	0.0
118894	-0.25856172070299976	0.6679079	first_progenitor	0.0
118906	-0.25856172070299976	0.6679079	next_progenitor	69149.67
156349	-0.25856172070299976	0.20167953	first_progenitor	81216.92
155800	-0.25856172070299976	0.20167953	next_progenitor	0.0
142121	-0.25856172070299976	0.1404347	first_progenitor	78900.12
129457	-0.25856172070299976	0.1404347	next_progenitor	0.0
192533	-0.25856172070299976	0.13939176	first_progenitor	833408.06
180391	-0.25856172070299976	0.13939176	next_progenitor	58181.777
124523	-0.25856172070299976	0.68248355	first_progenitor	0.0
124525	-0.25856172070299976	0.68248355	next_progenitor	0.0
118815	-0.25856172070299976	0.76009953	first_progenitor	57529.832
118835	-0.25856172070299976	0.76009953	next_progenitor	0.0
143044	-0.25856172070299976	0.9127055	first_progenitor	140069.7
130686	-0.25856172070299976	0.9127055	next_progenitor	0.0
140531	-0.25856172070299976	0.24142815	first_progenitor	3552885.8
140532	-0.25856172070299976	0.24142815	next_progenitor	496523.56
130136	-0.25856172070299976	1.7279279	first_progenitor	117840.26
130137	-0.25856172070299976	1.7279279	next_progenitor	0.0
163371	-0.25856172070299976	0.8914791	first_progenitor	0.0
151428	-0.25856172070299976	0.8914791	next_progenitor	0.0
164523	-0.25856172070299976	0.12987615	first_progenitor	0.0
155159	-0.25856172070299976	0.12987615	next_progenitor	0.0
132884	-0.25856172070299976	0.18018861	first_progenitor	0.0
114728	-0.25856172070299976	0.18018861	next_progenitor	0.0
153662	-0.25856172070299976	0.17203072	first_progenitor	0.0
143575	-0.25856172070299976	0.17203072	next_progenitor	0.0
134419	-0.25856172070299976	0.114549346	first_progenitor	0.0
134421	-0.25856172070299976	0.114549346	next_progenitor	82633620.0
165188	-0.25856172070299976	0.11257809	first_progenitor	519003.97
165189	-0.25856172070299976	0.11257809	next_progenitor	0.0
342600	-0.25856172070299976	0.49596295	first_progenitor	0.0
180981	-0.25856172070299976	0.49596295	next_progenitor	105963.78
157142	-0.25856172070299976	0.24508752	first_progenitor	0.0
137343	-0.25856172070299976	0.24508752	next_progenitor	0.0
127556	-0.25856172070299976	0.85143536	first_progenitor	259719.45
127561	-0.25856172070299976	0.85143536	next_progenitor	0.0
147488	-0.25856172070299976	0.36846054	first_progenitor	43303.223
147489	-0.25856172070299976	0.36846054	next_progenitor	0.0
133432	-0.25856172070299976	0.10053878	first_progenitor	106510.9
119195	-0.25856172070299976	0.10053878	next_progenitor	0.0
145773	-0.25856172070299976	0.14955194	first_progenitor	44338148.0
145774	-0.25856172070299976	0.14955194	next_progenitor	614016.06
134699	-0.25856172070299976	0.18786469	first_progenitor	44563.22
134700	-0.25856172070299976	0.18786469	next_progenitor	0.0
132951	-0.25856172070299976	0.102032706	first_progenitor	0.0
132952	-0.25856172070299976	0.102032706	next_progenitor	0.0
157833	-0.25856172070299976	0.19250928	first_progenitor	78597.125
138330	-0.25856172070299976	0.19250928	next_progenitor	531967.0
149220	-0.25856172070299976	0.32760757	first_progenitor	0.0
135798	-0.25856172070299976	0.32760757	next_progenitor	45913.902
145594	-0.25856172070299976	0.43602297	first_progenitor	220893.52
150634	-0.25856172070299976	0.43602297	next_progenitor	0.0
118060	-0.25856172070299976	0.63728464	first_progenitor	104714.95
120861	-0.25856172070299976	0.63728464	next_progenitor	0.0
165355	-0.25856172070299976	0.30913112	first_progenitor	0.0
165357	-0.25856172070299976	0.30913112	next_progenitor	0.0
197011	-0.25856172070299976	0.13890082	first_progenitor	0.0
179075	-0.25856172070299976	0.13890082	next_progenitor	70017.26
153990	-0.25856172070299976	0.3085768	first_progenitor	1331901.6
153992	-0.25856172070299976	0.3085768	next_progenitor	0.0
167460	-0.25856172070299976	0.45592818	first_progenitor	213856.03
167459	-0.25856172070299976	0.45592818	next_progenitor	0.0
142065	-0.25856172070299976	0.12085329	first_progenitor	0.0
126524	-0.25856172070299976	0.12085329	next_progenitor	54633.63
174199	-0.25856172070299976	0.19044688	first_progenitor	0.0
174200	-0.25856172070299976	0.19044688	next_progenitor	0.0
166018	-0.25856172070299976	0.33562878	first_progenitor	55220.598
144319	-0.25856172070299976	0.33562878	next_progenitor	0.0
167134	-0.25856172070299976	0.32799855	first_progenitor	0.0
167135	-0.25856172070299976	0.32799855	next_progenitor	0.0
157199	-0.25856172070299976	0.18938568	first_progenitor	0.0
157200	-0.25856172070299976	0.18938568	next_progenitor	0.0
168399	-0.25856172070299976	0.15520234	first_progenitor	0.0
168400	-0.25856172070299976	0.15520234	next_progenitor	0.0
170262	-0.25856172070299976	0.13721968	first_progenitor	62613.63
170263	-0.25856172070299976	0.13721968	next_progenitor	0.0
151972	-0.25856172070299976	0.1279773	first_progenitor	67566.17
130629	-0.25856172070299976	0.1279773	next_progenitor	0.0
