Subfind_ID	t-t_merg	q	Type	mass
15624	-0.18854830000000078	0.5184295	first_progenitor	0.0
15630	-0.18854830000000078	0.5184295	next_progenitor	0.0
54846	-0.18854830000000078	1.5604414	first_progenitor	0.0
56711	-0.18854830000000078	1.5604414	next_progenitor	98759.85
112615	-0.18854830000000078	0.13083188	first_progenitor	461107.56
112616	-0.18854830000000078	0.13083188	next_progenitor	650249.1
9088	-0.18854830000000078	0.16134131	first_progenitor	0.0
7198	-0.18854830000000078	0.16134131	next_progenitor	0.0
14903	-0.18854830000000078	0.22264935	first_progenitor	0.0
14910	-0.18854830000000078	0.22264935	next_progenitor	0.0
7554	-0.18854830000000078	0.1653834	first_progenitor	327733.03
7563	-0.18854830000000078	0.1653834	next_progenitor	0.0
7948	-0.18854830000000078	0.5505152	first_progenitor	0.0
7944	-0.18854830000000078	0.5505152	next_progenitor	0.0
8465	-0.18854830000000078	0.8539415	first_progenitor	0.0
8741	-0.18854830000000078	0.8539415	next_progenitor	1031004.06
16333	-0.18854830000000078	0.1593246	first_progenitor	51161.45
16345	-0.18854830000000078	0.1593246	next_progenitor	50341.926
44429	-0.18854830000000078	0.12568381	first_progenitor	81801.76
44432	-0.18854830000000078	0.12568381	next_progenitor	278828.25
11905	-0.18854830000000078	0.17402819	first_progenitor	581911.0
11892	-0.18854830000000078	0.17402819	next_progenitor	1234712.5
10476	-0.18854830000000078	0.15813583	first_progenitor	0.0
10484	-0.18854830000000078	0.15813583	next_progenitor	0.0
14656	-0.18854830000000078	0.1906434	first_progenitor	0.0
14658	-0.18854830000000078	0.1906434	next_progenitor	0.0
27513	-0.18854830000000078	0.101556204	first_progenitor	61654.01
27516	-0.18854830000000078	0.101556204	next_progenitor	0.0
20306	-0.18854830000000078	0.23725775	first_progenitor	63734.125
20307	-0.18854830000000078	0.23725775	next_progenitor	51095.0
23538	-0.18854830000000078	0.13396238	first_progenitor	89907.17
23540	-0.18854830000000078	0.13396238	next_progenitor	97992.97
22555	-0.18854830000000078	0.14099269	first_progenitor	264648.28
22564	-0.18854830000000078	0.14099269	next_progenitor	41979.797
23904	-0.18854830000000078	0.42070073	first_progenitor	0.0
23407	-0.18854830000000078	0.42070073	next_progenitor	0.0
25719	-0.18854830000000078	0.2221562	first_progenitor	3278004.2
22583	-0.18854830000000078	0.2221562	next_progenitor	0.0
24040	-0.18854830000000078	0.37954235	first_progenitor	120085.97
24045	-0.18854830000000078	0.37954235	next_progenitor	0.0
87209	-0.18854830000000078	0.34668383	first_progenitor	0.0
87211	-0.18854830000000078	0.34668383	next_progenitor	0.0
31301	-0.18854830000000078	0.24958736	first_progenitor	51909.992
31302	-0.18854830000000078	0.24958736	next_progenitor	127992.28
32879	-0.18854830000000078	0.21557966	first_progenitor	0.0
26846	-0.18854830000000078	0.21557966	next_progenitor	0.0
133186	-0.18854830000000078	0.19075261	first_progenitor	0.0
122681	-0.18854830000000078	0.19075261	next_progenitor	0.0
36023	-0.18854830000000078	0.3954887	first_progenitor	0.0
36026	-0.18854830000000078	0.3954887	next_progenitor	0.0
29544	-0.18854830000000078	0.5339673	first_progenitor	0.0
29543	-0.18854830000000078	0.5339673	next_progenitor	0.0
51354	-0.18854830000000078	1.2170334	first_progenitor	0.0
51384	-0.18854830000000078	1.2170334	next_progenitor	0.0
44556	-0.18854830000000078	0.871309	first_progenitor	139237.58
44558	-0.18854830000000078	0.871309	next_progenitor	170805.25
33113	-0.18854830000000078	0.29148164	first_progenitor	0.0
32988	-0.18854830000000078	0.29148164	next_progenitor	0.0
37327	-0.18854830000000078	1.4535803	first_progenitor	0.0
37326	-0.18854830000000078	1.4535803	next_progenitor	0.0
33199	-0.18854830000000078	0.17657368	first_progenitor	0.0
33204	-0.18854830000000078	0.17657368	next_progenitor	52963.33
30284	-0.18854830000000078	0.3638047	first_progenitor	159071.61
25459	-0.18854830000000078	0.3638047	next_progenitor	0.0
52735	-0.18854830000000078	0.1346553	first_progenitor	0.0
52741	-0.18854830000000078	0.1346553	next_progenitor	0.0
42445	-0.18854830000000078	0.1819642	first_progenitor	0.0
42447	-0.18854830000000078	0.1819642	next_progenitor	0.0
48154	-0.18854830000000078	0.5846426	first_progenitor	0.0
48158	-0.18854830000000078	0.5846426	next_progenitor	0.0
43306	-0.18854830000000078	0.100095265	first_progenitor	60411.98
43307	-0.18854830000000078	0.100095265	next_progenitor	73758.47
45069	-0.18854830000000078	1.2998291	first_progenitor	0.0
41013	-0.18854830000000078	1.2998291	next_progenitor	29806.777
76251	-0.18854830000000078	0.653608	first_progenitor	0.0
61461	-0.18854830000000078	0.653608	next_progenitor	352576.12
48812	-0.18854830000000078	0.10392105	first_progenitor	0.0
96599	-0.18854830000000078	0.10392105	next_progenitor	0.0
46962	-0.18854830000000078	0.109944195	first_progenitor	0.0
46963	-0.18854830000000078	0.109944195	next_progenitor	0.0
55554	-0.18854830000000078	0.157093	first_progenitor	0.0
47467	-0.18854830000000078	0.157093	next_progenitor	188670.86
45254	-0.18854830000000078	0.2898306	first_progenitor	0.0
45255	-0.18854830000000078	0.2898306	next_progenitor	0.0
134574	-0.18854830000000078	0.34954712	first_progenitor	0.0
134576	-0.18854830000000078	0.34954712	next_progenitor	53800.77
78897	-0.18854830000000078	0.86173934	first_progenitor	0.0
78896	-0.18854830000000078	0.86173934	next_progenitor	0.0
130456	-0.18854830000000078	0.69798094	first_progenitor	0.0
115761	-0.18854830000000078	0.69798094	next_progenitor	70389.586
35246	-0.18854830000000078	1.4091619	first_progenitor	501444.88
35321	-0.18854830000000078	1.4091619	next_progenitor	0.0
58680	-0.18854830000000078	0.34877843	first_progenitor	0.0
95781	-0.18854830000000078	0.34877843	next_progenitor	0.0
48231	-0.18854830000000078	0.19960049	first_progenitor	47968.855
40317	-0.18854830000000078	0.19960049	next_progenitor	0.0
104113	-0.18854830000000078	1.1845483	first_progenitor	44361.047
104158	-0.18854830000000078	1.1845483	next_progenitor	5280059.5
121719	-0.18854830000000078	0.13406993	first_progenitor	94867.984
121721	-0.18854830000000078	0.13406993	next_progenitor	0.0
68696	-0.18854830000000078	0.3057598	first_progenitor	0.0
68698	-0.18854830000000078	0.3057598	next_progenitor	0.0
50485	-0.18854830000000078	0.13316241	first_progenitor	69880.27
50486	-0.18854830000000078	0.13316241	next_progenitor	875452.7
54983	-0.18854830000000078	0.11927075	first_progenitor	4514534.5
54984	-0.18854830000000078	0.11927075	next_progenitor	2549809.8
84318	-0.18854830000000078	0.20514928	first_progenitor	769379.2
84319	-0.18854830000000078	0.20514928	next_progenitor	456125.44
122470	-0.18854830000000078	0.34732094	first_progenitor	140148.95
122448	-0.18854830000000078	0.34732094	next_progenitor	0.0
55381	-0.18854830000000078	0.3314628	first_progenitor	2858300.2
55383	-0.18854830000000078	0.3314628	next_progenitor	235985.94
99203	-0.18854830000000078	0.34268656	first_progenitor	46081.504
84130	-0.18854830000000078	0.34268656	next_progenitor	74377.52
60846	-0.18854830000000078	1.487426	first_progenitor	0.0
60845	-0.18854830000000078	1.487426	next_progenitor	0.0
105823	-0.18854830000000078	3.1299164	first_progenitor	0.0
65222	-0.18854830000000078	3.1299164	next_progenitor	0.0
105673	-0.18854830000000078	1.3072255	first_progenitor	0.0
105671	-0.18854830000000078	1.3072255	next_progenitor	55835.023
63311	-0.18854830000000078	0.20463797	first_progenitor	155162.47
63313	-0.18854830000000078	0.20463797	next_progenitor	0.0
63046	-0.18854830000000078	0.28532273	first_progenitor	0.0
63047	-0.18854830000000078	0.28532273	next_progenitor	0.0
70570	-0.18854830000000078	0.11564828	first_progenitor	0.0
50273	-0.18854830000000078	0.11564828	next_progenitor	0.0
85939	-0.18854830000000078	0.123923235	first_progenitor	62207.477
85940	-0.18854830000000078	0.123923235	next_progenitor	0.0
97520	-0.18854830000000078	2.0060418	first_progenitor	0.0
97532	-0.18854830000000078	2.0060418	next_progenitor	212584.14
71185	-0.18854830000000078	0.19141649	first_progenitor	283978.97
71188	-0.18854830000000078	0.19141649	next_progenitor	253325.56
69423	-0.18854830000000078	0.15559052	first_progenitor	0.0
69427	-0.18854830000000078	0.15559052	next_progenitor	0.0
71351	-0.18854830000000078	0.15912493	first_progenitor	275844.62
268413	-0.18854830000000078	0.15912493	next_progenitor	252057.98
112662	-0.18854830000000078	0.49074328	first_progenitor	118603.3
85810	-0.18854830000000078	0.49074328	next_progenitor	0.0
68813	-0.18854830000000078	0.36895496	first_progenitor	329111.97
57691	-0.18854830000000078	0.36895496	next_progenitor	0.0
108007	-0.18854830000000078	0.23661616	first_progenitor	0.0
216605	-0.18854830000000078	0.23661616	next_progenitor	0.0
86716	-0.18854830000000078	1.3331865	first_progenitor	0.0
86749	-0.18854830000000078	1.3331865	next_progenitor	0.0
67120	-0.18854830000000078	0.9639427	first_progenitor	0.0
67121	-0.18854830000000078	0.9639427	next_progenitor	141622.67
74528	-0.18854830000000078	0.30084708	first_progenitor	0.0
74537	-0.18854830000000078	0.30084708	next_progenitor	0.0
92071	-0.18854830000000078	1.7442095	first_progenitor	0.0
92085	-0.18854830000000078	1.7442095	next_progenitor	0.0
75286	-0.18854830000000078	0.28787675	first_progenitor	0.0
72020	-0.18854830000000078	0.28787675	next_progenitor	0.0
65591	-0.18854830000000078	0.9981635	first_progenitor	0.0
65646	-0.18854830000000078	0.9981635	next_progenitor	0.0
117910	-0.18854830000000078	0.11419776	first_progenitor	0.0
117913	-0.18854830000000078	0.11419776	next_progenitor	57682.27
132456	-0.18854830000000078	0.45418304	first_progenitor	0.0
109062	-0.18854830000000078	0.45418304	next_progenitor	0.0
97945	-0.18854830000000078	0.11712599	first_progenitor	0.0
97947	-0.18854830000000078	0.11712599	next_progenitor	0.0
97616	-0.18854830000000078	0.11806177	first_progenitor	734501.8
97636	-0.18854830000000078	0.11806177	next_progenitor	0.0
89596	-0.18854830000000078	0.3950011	first_progenitor	0.0
89598	-0.18854830000000078	0.3950011	next_progenitor	0.0
81363	-0.18854830000000078	0.65123534	first_progenitor	0.0
81364	-0.18854830000000078	0.65123534	next_progenitor	0.0
62771	-0.18854830000000078	2.0410674	first_progenitor	0.0
74984	-0.18854830000000078	2.0410674	next_progenitor	0.0
95742	-0.18854830000000078	0.10787817	first_progenitor	0.0
81891	-0.18854830000000078	0.10787817	next_progenitor	0.0
92760	-0.18854830000000078	0.28145924	first_progenitor	16692127.0
92765	-0.18854830000000078	0.28145924	next_progenitor	140935.78
208425	-0.18854830000000078	2.2020576	first_progenitor	73313.414
176678	-0.18854830000000078	2.2020576	next_progenitor	521133.66
99499	-0.18854830000000078	0.667551	first_progenitor	156645.4
113730	-0.18854830000000078	0.667551	next_progenitor	40334.406
97080	-0.18854830000000078	1.1580943	first_progenitor	0.0
97097	-0.18854830000000078	1.1580943	next_progenitor	0.0
88840	-0.18854830000000078	0.588272	first_progenitor	251187.03
75601	-0.18854830000000078	0.588272	next_progenitor	461287.84
90080	-0.18854830000000078	0.1380074	first_progenitor	64703.69
76071	-0.18854830000000078	0.1380074	next_progenitor	0.0
111474	-0.18854830000000078	0.7675089	first_progenitor	0.0
96197	-0.18854830000000078	0.7675089	next_progenitor	128049.195
102181	-0.18854830000000078	0.12835594	first_progenitor	0.0
102190	-0.18854830000000078	0.12835594	next_progenitor	0.0
83462	-0.18854830000000078	0.87456465	first_progenitor	100223.81
83461	-0.18854830000000078	0.87456465	next_progenitor	0.0
95120	-0.18854830000000078	0.15599649	first_progenitor	0.0
95124	-0.18854830000000078	0.15599649	next_progenitor	0.0
115625	-0.18854830000000078	0.5379078	first_progenitor	0.0
124515	-0.18854830000000078	0.5379078	next_progenitor	0.0
96780	-0.18854830000000078	1.076277	first_progenitor	166559.0
96790	-0.18854830000000078	1.076277	next_progenitor	0.0
94342	-0.18854830000000078	0.10155827	first_progenitor	41059.633
81693	-0.18854830000000078	0.10155827	next_progenitor	0.0
96608	-0.18854830000000078	0.19706532	first_progenitor	0.0
96609	-0.18854830000000078	0.19706532	next_progenitor	0.0
122015	-0.18854830000000078	0.37355858	first_progenitor	0.0
122017	-0.18854830000000078	0.37355858	next_progenitor	0.0
92329	-0.18854830000000078	0.107756115	first_progenitor	0.0
92332	-0.18854830000000078	0.107756115	next_progenitor	77341.34
115299	-0.18854830000000078	0.18241677	first_progenitor	0.0
121422	-0.18854830000000078	0.18241677	next_progenitor	0.0
132379	-0.18854830000000078	0.32295594	first_progenitor	56421.06
118566	-0.18854830000000078	0.32295594	next_progenitor	0.0
87412	-0.18854830000000078	0.10441181	first_progenitor	0.0
87428	-0.18854830000000078	0.10441181	next_progenitor	119424.93
97433	-0.18854830000000078	0.15874016	first_progenitor	0.0
97436	-0.18854830000000078	0.15874016	next_progenitor	0.0
112312	-0.18854830000000078	0.10753227	first_progenitor	0.0
103770	-0.18854830000000078	0.10753227	next_progenitor	88707.195
99548	-0.18854830000000078	0.12758192	first_progenitor	177071.08
110339	-0.18854830000000078	0.12758192	next_progenitor	0.0
138712	-0.18854830000000078	0.13210955	first_progenitor	689893.44
138714	-0.18854830000000078	0.13210955	next_progenitor	48005.434
121740	-0.18854830000000078	0.18658385	first_progenitor	69560.14
121745	-0.18854830000000078	0.18658385	next_progenitor	0.0
101712	-0.18854830000000078	0.11710197	first_progenitor	1443967.9
93848	-0.18854830000000078	0.11710197	next_progenitor	54584.977
118141	-0.18854830000000078	0.24252613	first_progenitor	208268.11
118142	-0.18854830000000078	0.24252613	next_progenitor	112679.586
117848	-0.18854830000000078	0.32534117	first_progenitor	155803.06
117851	-0.18854830000000078	0.32534117	next_progenitor	55645.45
129860	-0.18854830000000078	0.90470403	first_progenitor	0.0
129861	-0.18854830000000078	0.90470403	next_progenitor	0.0
106945	-0.18854830000000078	0.22648408	first_progenitor	42299.035
106946	-0.18854830000000078	0.22648408	next_progenitor	49999.93
119093	-0.18854830000000078	0.2487441	first_progenitor	0.0
119094	-0.18854830000000078	0.2487441	next_progenitor	0.0
86992	-0.18854830000000078	0.97605306	first_progenitor	98598.79
101688	-0.18854830000000078	0.97605306	next_progenitor	0.0
104430	-0.18854830000000078	0.47938815	first_progenitor	926136.25
104428	-0.18854830000000078	0.47938815	next_progenitor	151669.19
102404	-0.18854830000000078	0.19905393	first_progenitor	0.0
87536	-0.18854830000000078	0.19905393	next_progenitor	0.0
119273	-0.18854830000000078	0.19225597	first_progenitor	0.0
119275	-0.18854830000000078	0.19225597	next_progenitor	57622.465
123014	-0.18854830000000078	0.10538139	first_progenitor	437366.88
123027	-0.18854830000000078	0.10538139	next_progenitor	0.0
120939	-0.18854830000000078	0.31558806	first_progenitor	0.0
105585	-0.18854830000000078	0.31558806	next_progenitor	0.0
107919	-0.18854830000000078	0.37284037	first_progenitor	0.0
107920	-0.18854830000000078	0.37284037	next_progenitor	0.0
104804	-0.18854830000000078	0.934904	first_progenitor	0.0
104806	-0.18854830000000078	0.934904	next_progenitor	56735.656
105994	-0.18854830000000078	0.21483184	first_progenitor	0.0
105996	-0.18854830000000078	0.21483184	next_progenitor	66169.98
117000	-0.18854830000000078	0.7897908	first_progenitor	0.0
117001	-0.18854830000000078	0.7897908	next_progenitor	0.0
117135	-0.18854830000000078	0.25861138	first_progenitor	7999865.5
103850	-0.18854830000000078	0.25861138	next_progenitor	121798.54
137244	-0.18854830000000078	0.19222972	first_progenitor	13200433.0
137246	-0.18854830000000078	0.19222972	next_progenitor	4410520.5
111299	-0.18854830000000078	1.2128615	first_progenitor	0.0
99381	-0.18854830000000078	1.2128615	next_progenitor	0.0
126557	-0.18854830000000078	1.6258476	first_progenitor	0.0
126571	-0.18854830000000078	1.6258476	next_progenitor	0.0
113411	-0.18854830000000078	0.49092835	first_progenitor	0.0
113410	-0.18854830000000078	0.49092835	next_progenitor	0.0
98625	-0.18854830000000078	1.4577945	first_progenitor	0.0
98646	-0.18854830000000078	1.4577945	next_progenitor	64874.047
105476	-0.18854830000000078	0.39254716	first_progenitor	0.0
93582	-0.18854830000000078	0.39254716	next_progenitor	108937.36
129803	-0.18854830000000078	0.29539767	first_progenitor	0.0
129804	-0.18854830000000078	0.29539767	next_progenitor	168385.28
118926	-0.18854830000000078	0.12820995	first_progenitor	37778.64
102152	-0.18854830000000078	0.12820995	next_progenitor	0.0
109362	-0.18854830000000078	0.123349175	first_progenitor	0.0
109363	-0.18854830000000078	0.123349175	next_progenitor	61320.082
128877	-0.18854830000000078	0.14414138	first_progenitor	0.0
128881	-0.18854830000000078	0.14414138	next_progenitor	0.0
119984	-0.18854830000000078	0.32360113	first_progenitor	181589.9
119987	-0.18854830000000078	0.32360113	next_progenitor	4382105.0
113865	-0.18854830000000078	0.102221504	first_progenitor	486206.88
117096	-0.18854830000000078	0.102221504	next_progenitor	3773346.2
105732	-0.18854830000000078	0.5524226	first_progenitor	0.0
87216	-0.18854830000000078	0.5524226	next_progenitor	0.0
136108	-0.18854830000000078	0.20783032	first_progenitor	855902.56
136110	-0.18854830000000078	0.20783032	next_progenitor	169701.44
122636	-0.18854830000000078	0.43457422	first_progenitor	0.0
122637	-0.18854830000000078	0.43457422	next_progenitor	0.0
131533	-0.18854830000000078	0.18459684	first_progenitor	24153442.0
131534	-0.18854830000000078	0.18459684	next_progenitor	29106578.0
124829	-0.18854830000000078	0.36524856	first_progenitor	77942010.0
124832	-0.18854830000000078	0.36524856	next_progenitor	263298.0
129235	-0.18854830000000078	0.25468695	first_progenitor	87893930.0
109718	-0.18854830000000078	0.25468695	next_progenitor	0.0
118675	-0.18854830000000078	0.11856149	first_progenitor	1887871.2
118677	-0.18854830000000078	0.11856149	next_progenitor	330057.8
132477	-0.18854830000000078	0.14417607	first_progenitor	190350.52
132478	-0.18854830000000078	0.14417607	next_progenitor	0.0
147637	-0.18854830000000078	0.10399901	first_progenitor	0.0
147639	-0.18854830000000078	0.10399901	next_progenitor	76504.516
123792	-0.18854830000000078	0.105715655	first_progenitor	0.0
123795	-0.18854830000000078	0.105715655	next_progenitor	0.0
130430	-0.18854830000000078	0.19799162	first_progenitor	0.0
110209	-0.18854830000000078	0.19799162	next_progenitor	0.0
129938	-0.18854830000000078	0.19086823	first_progenitor	0.0
129940	-0.18854830000000078	0.19086823	next_progenitor	0.0
128304	-0.18854830000000078	0.10763522	first_progenitor	0.0
120716	-0.18854830000000078	0.10763522	next_progenitor	162768.39
135953	-0.18854830000000078	0.226983	first_progenitor	0.0
135959	-0.18854830000000078	0.226983	next_progenitor	130052400.0
130833	-0.18854830000000078	0.12935013	first_progenitor	0.0
130835	-0.18854830000000078	0.12935013	next_progenitor	0.0
139437	-0.18854830000000078	0.21756929	first_progenitor	0.0
139438	-0.18854830000000078	0.21756929	next_progenitor	0.0
103998	-0.18854830000000078	1.3653444	first_progenitor	0.0
104021	-0.18854830000000078	1.3653444	next_progenitor	242053470.0
134603	-0.18854830000000078	0.15219635	first_progenitor	360261.88
114755	-0.18854830000000078	0.15219635	next_progenitor	0.0
153350	-0.18854830000000078	0.21354279	first_progenitor	0.0
153351	-0.18854830000000078	0.21354279	next_progenitor	0.0
134203	-0.18854830000000078	0.1325573	first_progenitor	0.0
134205	-0.18854830000000078	0.1325573	next_progenitor	21765096.0
142538	-0.18854830000000078	1.2029551	first_progenitor	0.0
142547	-0.18854830000000078	1.2029551	next_progenitor	0.0
