Subfind_ID	t-t_merg	q	Type	mass
23407	-0.10432516000000014	0.1368722	first_progenitor	0.0
23409	-0.10432516000000014	0.1368722	next_progenitor	0.0
14906	-0.10432516000000014	0.16576396	first_progenitor	0.0
14253	-0.10432516000000014	0.16576396	next_progenitor	17544422.0
7948	-0.10432516000000014	1.9308581	first_progenitor	0.0
7526	-0.10432516000000014	1.9308581	next_progenitor	0.0
7145	-0.10432516000000014	0.24334371	first_progenitor	0.0
7155	-0.10432516000000014	0.24334371	next_progenitor	0.0
7147	-0.10432516000000014	0.21504587	first_progenitor	0.0
7179	-0.10432516000000014	0.21504587	next_progenitor	0.0
8465	-0.10432516000000014	0.14442329	first_progenitor	0.0
9957	-0.10432516000000014	0.14442329	next_progenitor	0.0
9385	-0.10432516000000014	0.124376535	first_progenitor	0.0
9387	-0.10432516000000014	0.124376535	next_progenitor	65812.78
11905	-0.10432516000000014	3.5449476	first_progenitor	581911.0
11894	-0.10432516000000014	3.5449476	next_progenitor	481458.53
32056	-0.10432516000000014	0.10778519	first_progenitor	1359697.6
32060	-0.10432516000000014	0.10778519	next_progenitor	709105.75
49931	-0.10432516000000014	1.8417425	first_progenitor	0.0
52817	-0.10432516000000014	1.8417425	next_progenitor	0.0
18466	-0.10432516000000014	0.10047432	first_progenitor	62276.656
18506	-0.10432516000000014	0.10047432	next_progenitor	0.0
16587	-0.10432516000000014	2.126971	first_progenitor	63943.53
16585	-0.10432516000000014	2.126971	next_progenitor	0.0
16592	-0.10432516000000014	1.2448871	first_progenitor	0.0
16586	-0.10432516000000014	1.2448871	next_progenitor	198015.48
15859	-0.10432516000000014	0.11539342	first_progenitor	0.0
15865	-0.10432516000000014	0.11539342	next_progenitor	0.0
22889	-0.10432516000000014	0.18592505	first_progenitor	0.0
22891	-0.10432516000000014	0.18592505	next_progenitor	0.0
27612	-0.10432516000000014	0.1045037	first_progenitor	0.0
27629	-0.10432516000000014	0.1045037	next_progenitor	12329391.0
24795	-0.10432516000000014	0.3678103	first_progenitor	78975.56
24798	-0.10432516000000014	0.3678103	next_progenitor	0.0
21569	-0.10432516000000014	0.401528	first_progenitor	623121.06
24418	-0.10432516000000014	0.401528	next_progenitor	1563479.1
23774	-0.10432516000000014	0.13790305	first_progenitor	144215.77
23777	-0.10432516000000014	0.13790305	next_progenitor	0.0
33285	-0.10432516000000014	0.16654414	first_progenitor	303641.38
33290	-0.10432516000000014	0.16654414	next_progenitor	956088.6
51923	-0.10432516000000014	0.34274673	first_progenitor	0.0
51941	-0.10432516000000014	0.34274673	next_progenitor	0.0
63919	-0.10432516000000014	0.12578604	first_progenitor	0.0
63924	-0.10432516000000014	0.12578604	next_progenitor	0.0
29814	-0.10432516000000014	0.18612164	first_progenitor	240133.78
29825	-0.10432516000000014	0.18612164	next_progenitor	0.0
65877	-0.10432516000000014	2.0493817	first_progenitor	0.0
65874	-0.10432516000000014	2.0493817	next_progenitor	0.0
28522	-0.10432516000000014	1.4488019	first_progenitor	0.0
28520	-0.10432516000000014	1.4488019	next_progenitor	0.0
81492	-0.10432516000000014	0.14917813	first_progenitor	0.0
81496	-0.10432516000000014	0.14917813	next_progenitor	61455.156
53712	-0.10432516000000014	0.17956792	first_progenitor	38980.957
53714	-0.10432516000000014	0.17956792	next_progenitor	0.0
34356	-0.10432516000000014	0.1414476	first_progenitor	52675.44
34360	-0.10432516000000014	0.1414476	next_progenitor	0.0
33113	-0.10432516000000014	1.568875	first_progenitor	0.0
33126	-0.10432516000000014	1.568875	next_progenitor	0.0
29002	-0.10432516000000014	0.664611	first_progenitor	0.0
33535	-0.10432516000000014	0.664611	next_progenitor	0.0
30284	-0.10432516000000014	0.21909827	first_progenitor	159071.61
30300	-0.10432516000000014	0.21909827	next_progenitor	0.0
36901	-0.10432516000000014	0.38227925	first_progenitor	0.0
36927	-0.10432516000000014	0.38227925	next_progenitor	103559320.0
43829	-0.10432516000000014	0.22032891	first_progenitor	344993.8
43831	-0.10432516000000014	0.22032891	next_progenitor	174722.97
42621	-0.10432516000000014	1.3149848	first_progenitor	46280.547
42619	-0.10432516000000014	1.3149848	next_progenitor	209712.98
46875	-0.10432516000000014	0.1213618	first_progenitor	0.0
46882	-0.10432516000000014	0.1213618	next_progenitor	0.0
62915	-0.10432516000000014	0.29133165	first_progenitor	58246.23
62917	-0.10432516000000014	0.29133165	next_progenitor	0.0
55998	-0.10432516000000014	2.086035	first_progenitor	0.0
55991	-0.10432516000000014	2.086035	next_progenitor	0.0
48645	-0.10432516000000014	1.536665	first_progenitor	0.0
57139	-0.10432516000000014	1.536665	next_progenitor	259005.69
67234	-0.10432516000000014	0.65323144	first_progenitor	0.0
67237	-0.10432516000000014	0.65323144	next_progenitor	650558.0
91822	-0.10432516000000014	1.0462096	first_progenitor	103419.04
91821	-0.10432516000000014	1.0462096	next_progenitor	0.0
77191	-0.10432516000000014	0.85349643	first_progenitor	0.0
77192	-0.10432516000000014	0.85349643	next_progenitor	0.0
55068	-0.10432516000000014	1.3664969	first_progenitor	0.0
55066	-0.10432516000000014	1.3664969	next_progenitor	0.0
55798	-0.10432516000000014	0.7798524	first_progenitor	1848511.4
45574	-0.10432516000000014	0.7798524	next_progenitor	0.0
49946	-0.10432516000000014	1.2100958	first_progenitor	0.0
49944	-0.10432516000000014	1.2100958	next_progenitor	0.0
66243	-0.10432516000000014	1.2763755	first_progenitor	0.0
66242	-0.10432516000000014	1.2763755	next_progenitor	54040.42
77043	-0.10432516000000014	0.6079586	first_progenitor	418706.3
63103	-0.10432516000000014	0.6079586	next_progenitor	0.0
60027	-0.10432516000000014	0.11380363	first_progenitor	0.0
60032	-0.10432516000000014	0.11380363	next_progenitor	0.0
64803	-0.10432516000000014	0.2418793	first_progenitor	0.0
64805	-0.10432516000000014	0.2418793	next_progenitor	111404.55
68512	-0.10432516000000014	0.6565973	first_progenitor	43931.633
68514	-0.10432516000000014	0.6565973	next_progenitor	0.0
79728	-0.10432516000000014	0.18864222	first_progenitor	0.0
79738	-0.10432516000000014	0.18864222	next_progenitor	0.0
95814	-0.10432516000000014	0.82914263	first_progenitor	0.0
95818	-0.10432516000000014	0.82914263	next_progenitor	0.0
73218	-0.10432516000000014	0.20540053	first_progenitor	185419.83
73496	-0.10432516000000014	0.20540053	next_progenitor	46268.566
66475	-0.10432516000000014	0.8291382	first_progenitor	142762.4
92268	-0.10432516000000014	0.8291382	next_progenitor	0.0
86540	-0.10432516000000014	0.22224677	first_progenitor	242050.14
86541	-0.10432516000000014	0.22224677	next_progenitor	0.0
101176	-0.10432516000000014	0.1290784	first_progenitor	1377231.9
101182	-0.10432516000000014	0.1290784	next_progenitor	0.0
107590	-0.10432516000000014	0.42186055	first_progenitor	0.0
107592	-0.10432516000000014	0.42186055	next_progenitor	0.0
81189	-0.10432516000000014	0.10952625	first_progenitor	42352.664
81193	-0.10432516000000014	0.10952625	next_progenitor	93130.1
99499	-0.10432516000000014	0.37918478	first_progenitor	156645.4
113731	-0.10432516000000014	0.37918478	next_progenitor	0.0
84768	-0.10432516000000014	1.1244226	first_progenitor	0.0
84767	-0.10432516000000014	1.1244226	next_progenitor	0.0
118007	-0.10432516000000014	0.83298355	first_progenitor	0.0
118006	-0.10432516000000014	0.83298355	next_progenitor	169042.48
83006	-0.10432516000000014	0.1687539	first_progenitor	0.0
83011	-0.10432516000000014	0.1687539	next_progenitor	3785976.5
100793	-0.10432516000000014	0.15389347	first_progenitor	81418.7
100796	-0.10432516000000014	0.15389347	next_progenitor	0.0
98832	-0.10432516000000014	0.14167984	first_progenitor	710194.75
98834	-0.10432516000000014	0.14167984	next_progenitor	1080100.6
102012	-0.10432516000000014	0.11063712	first_progenitor	0.0
102018	-0.10432516000000014	0.11063712	next_progenitor	0.0
94832	-0.10432516000000014	0.29296014	first_progenitor	50334.246
94845	-0.10432516000000014	0.29296014	next_progenitor	0.0
95020	-0.10432516000000014	1.24766	first_progenitor	190820.56
95019	-0.10432516000000014	1.24766	next_progenitor	510584.28
120496	-0.10432516000000014	0.37654904	first_progenitor	0.0
107786	-0.10432516000000014	0.37654904	next_progenitor	0.0
112467	-0.10432516000000014	0.1390146	first_progenitor	152099.22
112484	-0.10432516000000014	0.1390146	next_progenitor	0.0
112312	-0.10432516000000014	1.6949208	first_progenitor	0.0
112309	-0.10432516000000014	1.6949208	next_progenitor	0.0
113594	-0.10432516000000014	0.106177874	first_progenitor	0.0
113605	-0.10432516000000014	0.106177874	next_progenitor	0.0
99403	-0.10432516000000014	0.25707725	first_progenitor	0.0
99404	-0.10432516000000014	0.25707725	next_progenitor	0.0
111240	-0.10432516000000014	0.5945291	first_progenitor	35950.047
111241	-0.10432516000000014	0.5945291	next_progenitor	0.0
118293	-0.10432516000000014	1.2512094	first_progenitor	0.0
118291	-0.10432516000000014	1.2512094	next_progenitor	76861.76
86992	-0.10432516000000014	0.29519317	first_progenitor	98598.79
101690	-0.10432516000000014	0.29519317	next_progenitor	0.0
99166	-0.10432516000000014	0.38160923	first_progenitor	0.0
99173	-0.10432516000000014	0.38160923	next_progenitor	73071.4
109018	-0.10432516000000014	0.16146453	first_progenitor	0.0
104610	-0.10432516000000014	0.16146453	next_progenitor	0.0
137723	-0.10432516000000014	0.43815514	first_progenitor	43863.21
137742	-0.10432516000000014	0.43815514	next_progenitor	62049.86
79085	-0.10432516000000014	0.31962338	first_progenitor	54258.05
79094	-0.10432516000000014	0.31962338	next_progenitor	0.0
93455	-0.10432516000000014	0.12328358	first_progenitor	0.0
93473	-0.10432516000000014	0.12328358	next_progenitor	178353.42
112189	-0.10432516000000014	0.1585295	first_progenitor	0.0
112194	-0.10432516000000014	0.1585295	next_progenitor	0.0
102084	-0.10432516000000014	0.7295117	first_progenitor	0.0
102085	-0.10432516000000014	0.7295117	next_progenitor	0.0
120939	-0.10432516000000014	1.9159018	first_progenitor	0.0
120938	-0.10432516000000014	1.9159018	next_progenitor	0.0
117417	-0.10432516000000014	0.17916286	first_progenitor	226658.1
117424	-0.10432516000000014	0.17916286	next_progenitor	0.0
105732	-0.10432516000000014	1.5141215	first_progenitor	0.0
105731	-0.10432516000000014	1.5141215	next_progenitor	96675.75
115219	-0.10432516000000014	0.37088642	first_progenitor	0.0
115225	-0.10432516000000014	0.37088642	next_progenitor	0.0
134393	-0.10432516000000014	0.110256724	first_progenitor	767954.94
134397	-0.10432516000000014	0.110256724	next_progenitor	201942.06
121431	-0.10432516000000014	0.24944817	first_progenitor	0.0
121434	-0.10432516000000014	0.24944817	next_progenitor	0.0
110815	-0.10432516000000014	0.14791824	first_progenitor	0.0
110816	-0.10432516000000014	0.14791824	next_progenitor	0.0
118723	-0.10432516000000014	1.1039442	first_progenitor	0.0
118722	-0.10432516000000014	1.1039442	next_progenitor	0.0
126943	-0.10432516000000014	0.16836001	first_progenitor	87846.85
126944	-0.10432516000000014	0.16836001	next_progenitor	0.0
117196	-0.10432516000000014	0.7418651	first_progenitor	0.0
117197	-0.10432516000000014	0.7418651	next_progenitor	0.0
128304	-0.10432516000000014	0.23055325	first_progenitor	0.0
128307	-0.10432516000000014	0.23055325	next_progenitor	84185400.0
