	SubhaloID	Mass	SFR	num_mergers_in_last_2Gyr	N	r_1	r_2	matched_to_merger_subid	ngrows
132	14193	306616600.0	1.5041403	0.0	0	16723.51903908642	16751.308956148157	33916	0
691	57286	124955980.0	0.33149385	0.0	0	10192.979286150143	10291.189598467952	23232	0
327	30392	254504700.0	0.49512032	0.0	0	6598.21644891127	6599.220848045445	25323	0
395	35324	174546660.0	0.45781443	0.0	0	12785.640501088075	12815.084545147294	44600	0
27	3942	2776104200.0	10.29892	0.0	0	12402.338662020782	0.0	939	3
837	69255	89774650.0	0.26348776	0.0	0	2561.92211473263	2581.541092424602	1356	0
54	6872	5753130500.0	28.761015	0.0	0	7179.4726170953045	0.0	4301	0
424	37551	164472510.0	0.51435137	0.0	0	16099.102869704211	16106.473968127862	5471	0
30	4491	2543912700.0	15.614295	0.0	1	1826.3592401706635	0.0	7959	3
36	5002	622585600.0	3.3321476	0.0	0	12866.769159853018	12898.375280898057	8300	0
371	33600	254230770.0	0.8751807	0.0	0	13233.05980832646	13259.412952978782	8856	0
580	48903	100340280.0	0.5684693	0.0	0	14224.816500222258	14260.798573406119	9745	0
331	30655	335411460.0	0.6992236	0.0	0	9599.102065289791	9615.961074020235	10344	0
246	24228	472127040.0	1.9540142	0.0	0	3395.630388550142	3406.1381070677226	10806	0
342	31542	420915550.0	1.1684228	0.0	0	13444.437315794903	13475.26362439958	10992	0
885	77799	92446570.0	0.3107547	0.0	0	13075.238605775467	13080.244165853188	12178	0
552	46802	117765520.0	0.6200543	0.0	0	8253.901788928022	8268.486678858953	15336	0
442	38898	182648420.0	0.92369527	0.0	0	18093.1978166143	18127.00330959821	18816	0
330	30596	467346530.0	1.3322779	0.0	0	19750.39281331474	19787.072276063973	20919	0
57	6964	374000060.0	1.075731	0.0	0	14337.267710953069	14364.237854709543	21469	0
186	18706	589597250.0	2.0741825	0.0	0	10611.392328889211	10617.879178246967	22072	0
454	39845	144413900.0	0.6075047	0.0	0	16759.087453366104	16783.21921515305	23233	0
86	9577	291967780.0	0.678768	0.0	0	12542.954594883884	12581.12172706552	25259	0
631	52723	90835720.0	0.4639318	0.0	0	22935.444636150536	22970.031383271784	26269	0
103	11396	228764200.0	0.91515297	0.0	0	9862.72993131912	9894.597588363546	26485	0
309	28866	519674140.0	1.7497228	0.0	0	7946.132486068328	8021.460219679523	28589	0
272	26173	264662000.0	0.5506	0.0	0	15065.458797132846	15096.233403187653	28911	0
635	52970	215753680.0	0.30584565	0.0	0	11965.836323767542	11979.265402802172	31444	0
370	33524	171666720.0	0.68348765	0.0	0	12106.152777415044	12120.598784737875	33964	0
399	35801	114322930.0	0.29266983	0.0	0	8447.946211371478	8453.623706660805	37383	0
200	19987	259036220.0	1.2413687	0.0	0	10649.278996191517	10744.393642549074	37937	0
865	73688	128961976.0	0.3232751	0.0	0	19395.838058984875	19428.237080095845	38501	0
479	41713	426779940.0	0.7506617	0.0	0	13619.772466894223	13633.378829032856	39419	0
546	46526	199329460.0	0.63706934	0.0	0	10869.573105364809	10897.022201008956	40164	0
138	14805	244076770.0	0.7387019	0.0	0	7852.7603982661185	7973.015692240116	40754	0
550	46718	97349690.0	0.2121109	0.0	0	7676.5665878506525	7695.908536351027	41284	0
229	22603	230117100.0	0.45603958	0.0	0	8762.235161342125	8829.750401842979	42381	0
422	37435	158556320.0	0.2790344	0.0	0	13501.951038210713	13536.321739987838	43860	0
364	33122	216624460.0	0.7222504	0.0	0	8930.85609061154	8961.743121624155	45347	0
344	31620	230330300.0	0.38042784	0.0	0	16241.05391560083	16243.14389015236	45424	0
281	26770	114249070.0	0.34698844	0.0	0	15661.050880915082	15696.945592027154	47766	0
578	48741	157329040.0	0.44812962	0.0	0	12905.066914524097	12931.423807987618	47984	0
736	60698	116032660.0	0.43513572	0.0	0	15489.066920164496	15492.139524159104	48794	0
59	6966	103366620.0	0.420973	0.0	0	14434.526490643422	14461.632706210712	52183	0
426	37763	193017840.0	0.80234754	0.0	0	9347.827842227332	9438.481999547757	52316	0
68	7960	124990120.0	0.2514424	0.0	0	11641.952037199791	11677.056328832807	52376	0
26	3436	140039700.0	0.47821963	0.0	0	16889.770956514538	16917.622548872572	52848	0
795	65878	145628100.0	0.45176128	0.0	0	12026.8172939611	12029.738795298492	53005	0
302	28328	146237890.0	0.45308515	0.0	0	9090.445299796942	9106.634057372845	53189	0
620	52121	162081250.0	0.62090755	0.0	0	15344.135399730516	15352.263292930089	53619	0
346	31726	156776720.0	1.0548021	0.0	0	7322.741169669295	7342.663282425673	53939	0
695	57709	150686990.0	0.41628915	0.0	0	10246.875787897176	10249.223772217021	54301	0
703	58247	133932000.0	0.47505975	0.0	0	10357.521134251456	10386.527563725276	56876	0
913	85947	96061930.0	0.199385	0.0	0	5904.527716299606	5926.810609761463	59682	0
916	87961	90071610.0	0.3580247	0.0	0	6629.327854430682	6630.212637290568	59868	0
814	67439	138702700.0	0.2338289	0.0	0	20569.358969376794	20603.659564280777	64573	0
380	34100	148204700.0	0.40765858	0.0	0	15463.009165792366	15479.265919313639	64931	0
536	45993	93822056.0	0.31215683	0.0	0	13699.87148344508	13714.37046398079	67628	0
58	6965	115794390.0	0.31243846	0.0	0	14290.44268343757	14317.258883943488	67980	0
921	93994	86384930.0	0.24075635	0.0	0	11819.367641492603	11831.875549804254	70391	0
686	56829	104557790.0	0.5018081	0.0	0	15184.108063947251	15189.12670034521	74327	0
747	61800	95252584.0	0.2835923	0.0	0	12598.260575610204	12622.50216975301	80478	0
852	71974	108056420.0	0.3203823	0.0	0	14487.493819917081	14511.690705926523	83437	0
458	40051	360039870.0	1.0521276	0.0	0	15473.370466784398	15502.373802953301	18081	0
897	80791	89532030.0	0.15780848	0.0	0	11119.463254923594	11127.324735556418	61109	0
790	65440	148521390.0	0.38107947	0.0	0	11930.636662881352	11943.977453789115	54949	0
879	75767	91037260.0	0.27741373	0.0	0	13248.497188372727	13250.388818315827	66883	0
517	44694	99836700.0	0.45892084	0.0	0	13186.452468323201	13222.43199280183	66776	0
640	53410	100334376.0	0.34238714	0.0	0	11007.905711825897	11032.893533342422	73052	0
