	level_0	index	Subfind_ID	t-t_merg	q	Type	mass	int_type	center
0	0	5	999	-0.2950115530008084	1.4839596	first_progenitor	88561280.0	44	47
1	1	7	5	0.0	1.215618	Merger	179906460000.0	100	47
2	2	8	20684	0.0	0.12969765	Merger	111198440.0	100	47
3	3	9	141535	0.0	0.11563056	Merger	151114240.0	100	47
4	4	10	170854	0.0	0.21925512	Merger	203511840000.0	100	47
5	5	11	174285	0.0	0.7276809	Merger	4558914000.0	100	47
6	6	12	179566	0.0	0.17880489	Merger	16131028000.0	100	47
7	7	13	207650	0.0	0.4833249	Merger	86864570.0	100	47
8	8	14	214049	0.0	0.17273726	Merger	461354300.0	100	47
9	9	15	221464	0.0	0.14588341	Merger	79449380000.0	100	47
10	10	16	229310	0.0	0.17376213	Merger	96808140000.0	100	47
11	11	17	231310	0.0	0.1532702	Merger	1581604500.0	100	47
12	12	18	246581	0.0	0.24062693	Merger	682471700.0	100	47
13	13	19	255323	0.0	0.3907461	Merger	200891600.0	100	47
14	14	20	259018	0.0	0.1399512	Merger	108603380.0	100	47
15	15	21	264190	0.0	1.1551839	Merger	35548940000.0	100	47
16	16	22	268195	0.0	0.10572541	Merger	88488970.0	100	47
17	17	23	279152	0.0	0.22550903	Merger	25448940000.0	100	47
18	18	24	295275	0.0	0.26811734	Merger	105906110.0	100	47
19	19	25	298034	0.0	0.11828281	Merger	1061220540.0	100	47
20	20	26	314031	0.0	0.15727162	Merger	589642700.0	100	47
21	21	27	321617	0.0	0.11637972	Merger	14617772000.0	100	47
22	22	28	325348	0.0	2.296646	Merger	21997386000.0	100	47
23	23	29	348538	0.0	0.17200641	Merger	6834043000.0	100	47
24	24	30	355529	0.0	0.45056006	Merger	12024653000.0	100	47
25	25	31	358712	0.0	0.3011617	Merger	2612967700.0	100	47
26	26	32	361224	0.0	0.18657477	Merger	6555493400.0	100	47
27	27	33	365428	0.0	0.4475079	Merger	5250332000.0	100	47
28	28	34	368032	0.0	0.19376364	Merger	1316825900.0	100	47
29	29	35	372319	0.0	0.2637143	Merger	9575594000.0	100	47
30	30	36	386606	0.0	0.13820489	Merger	5347181600.0	100	47
31	31	37	389164	0.0	0.27470627	Merger	5723534300.0	100	47
32	32	38	396906	0.0	1.0858477	Merger	621177900.0	100	47
33	33	39	401343	0.0	0.2102469	Merger	1242212200.0	100	47
34	34	40	411482	0.0	0.24000302	Merger	279476930.0	100	47
35	35	41	411656	0.0	0.15568031	Merger	533966340.0	100	47
36	36	42	419863	0.0	0.46220714	Merger	85703230.0	100	47
37	37	43	429644	0.0	0.14552367	Merger	1986709100.0	100	47
38	38	44	430457	0.0	0.32140273	Merger	595652000.0	100	47
39	39	45	435041	0.0	0.32736582	Merger	1875597200.0	100	47
40	40	46	454948	0.0	0.10544823	Merger	1635672200.0	100	47
41	41	47	455937	0.0	0.24483863	Merger	1238674300.0	100	47
42	42	48	458166	0.0	1.5938936	Merger	848192000.0	100	47
43	43	49	460663	0.0	0.86382794	Merger	548214400.0	100	47
44	44	50	461961	0.0	0.16458341	Merger	1999409700.0	100	47
45	45	51	462039	0.0	1.3276869	Merger	1510963800.0	100	47
46	46	52	465051	0.0	0.39990395	Merger	1492669200.0	100	47
47	47	53	465951	0.0	0.44246447	Merger	859904640.0	100	47
48	48	54	471759	0.0	0.18831381	Merger	1253724300.0	100	47
49	49	55	474505	0.0	0.36896902	Merger	1755657700.0	100	47
50	50	56	477882	0.0	0.34190896	Merger	1009860700.0	100	47
51	51	57	482132	0.0	0.21918699	Merger	1181783000.0	100	47
52	52	58	486129	0.0	0.8907257	Merger	134653380.0	100	47
53	53	59	488747	0.0	0.24306233	Merger	1433307400.0	100	47
54	54	60	495680	0.0	0.6604233	Merger	592175170.0	100	47
55	55	61	498233	0.0	0.10798936	Merger	1196176500.0	100	47
56	56	62	499251	0.0	0.20864707	Merger	188225810.0	100	47
57	57	63	506336	0.0	1.5278856	Merger	86803224.0	100	47
58	58	64	508882	0.0	0.84524524	Merger	772068100.0	100	47
59	59	65	512297	0.0	0.10424413	Merger	918629700.0	100	47
60	60	66	514832	0.0	0.1615789	Merger	640218500.0	100	47
61	61	67	514962	0.0	0.2749938	Merger	177269260.0	100	47
62	62	68	516408	0.0	0.23344453	Merger	434842270.0	100	47
63	63	69	517062	0.0	0.6648506	Merger	332404380.0	100	47
64	64	70	518577	0.0	0.27285975	Merger	979004540.0	100	47
65	65	71	522781	0.0	0.18987939	Merger	311048130.0	100	47
66	66	72	523095	0.0	0.16200629	Merger	170883700.0	100	47
67	67	73	523588	0.0	0.41322303	Merger	153536430.0	100	47
68	68	74	525056	0.0	1.2370456	Merger	185052590.0	100	47
69	69	75	525098	0.0	0.12542324	Merger	124787460.0	100	47
70	70	76	527439	0.0	0.25900784	Merger	298334430.0	100	47
71	71	77	532046	0.0	1.2984856	Merger	155570300.0	100	47
72	72	78	541223	0.0	0.11116048	Merger	252364980.0	100	47
73	73	79	542649	0.0	1.2624711	Merger	393328670.0	100	47
74	74	80	543288	0.0	0.3047591	Merger	437113340.0	100	47
75	75	81	545992	0.0	0.146539	Merger	418047870.0	100	47
76	76	82	546500	0.0	0.12431776	Merger	296908060.0	100	47
77	77	83	550554	0.0	0.39812705	Merger	298516030.0	100	47
78	78	84	553556	0.0	0.17423363	Merger	209566530.0	100	47
79	79	85	554935	0.0	0.3350544	Merger	107857670.0	100	47
80	80	86	557104	0.0	0.122052014	Merger	166579230.0	100	47
81	81	87	558463	0.0	0.13037013	Merger	465826880.0	100	47
82	82	88	559525	0.0	0.23349722	Merger	364287680.0	100	47
83	83	89	560106	0.0	0.11959594	Merger	563365500.0	100	47
84	84	90	560278	0.0	0.6804174	Merger	261379680.0	100	47
85	85	91	562924	0.0	0.11120659	Merger	189366660.0	100	47
86	86	92	563967	0.0	0.10287709	Merger	445459740.0	100	47
87	87	93	567427	0.0	0.2885103	Merger	548518140.0	100	47
88	88	94	570775	0.0	0.15154403	Merger	139591400.0	100	47
89	89	95	571166	0.0	0.11838636	Merger	340138050.0	100	47
90	90	96	571244	0.0	0.8393941	Merger	165527820.0	100	47
91	91	97	577522	0.0	0.15595382	Merger	124849260.0	100	47
92	92	98	577648	0.0	0.14934288	Merger	240659300.0	100	47
93	93	99	578235	0.0	0.17650838	Merger	258524320.0	100	47
94	94	100	579121	0.0	0.15950333	Merger	242855400.0	100	47
95	95	101	580196	0.0	0.12007011	Merger	262308430.0	100	47
96	96	102	581972	0.0	0.14076366	Merger	309476670.0	100	47
97	97	103	583423	0.0	0.23768476	Merger	101859040.0	100	47
98	98	104	589320	0.0	0.40900323	Merger	240308500.0	100	47
99	99	105	595806	0.0	0.21808115	Merger	346938940.0	100	47
100	100	106	597230	0.0	0.39313844	Merger	150481890.0	100	47
101	101	107	598214	0.0	0.4704809	Merger	157935950.0	100	47
102	102	108	600146	0.0	0.4059849	Merger	123857656.0	100	47
103	103	109	603720	0.0	1.501644	Merger	91331240.0	100	47
104	104	110	608097	0.0	0.24528813	Merger	154870290.0	100	47
105	105	111	610403	0.0	0.21030913	Merger	136339150.0	100	47
106	106	112	624913	0.0	0.2512959	Merger	155493220.0	100	47
107	107	113	626518	0.0	0.13461986	Merger	141769360.0	100	47
108	108	114	645332	0.0	0.14237194	Merger	131655600.0	100	47
109	109	115	661506	0.0	0.90350187	Merger	153982930.0	100	47
110	110	116	662939	0.0	0.10842087	Merger	93713176.0	100	47
111	111	157	340131	-0.1456184930008088	1.6236291	next_progenitor	137761540.0	10	47
112	112	185	416009	-0.1456184930008088	1.436772	next_progenitor	291616320.0	10	47
113	113	266	579829	-0.1456184930008088	0.105224125	first_progenitor	652306800.0	1	47
114	114	285	603296	-0.1456184930008088	0.29507264	next_progenitor	115943304.0	10	47
115	115	324	265840	-0.2950115530008084	0.38419056	next_progenitor	5396965000.0	10	47
116	116	416	541046	-0.2950115530008084	0.16570842	next_progenitor	954578500.0	10	47
117	117	457	593698	-0.2950115530008084	0.23461413	next_progenitor	91677920.0	10	47
118	118	520	286314	-0.4470115530008085	0.17561212	first_progenitor	51053000000.0	1	47
119	119	579	519300	-0.4470115530008085	0.16041583	first_progenitor	85292776.0	1	47
120	120	595	534224	-0.4470115530008085	0.2395492	first_progenitor	95354970.0	1	47
121	121	597	533338	-0.4470115530008085	1.794506	first_progenitor	206860320.0	1	47
122	0	4	601298	0.0	0.5077184	Merger	168897550.0	101	48
123	1	11	5	0.1456184930008088	1.215618	Descendant	128241360000.0	1000	48
124	2	71	517062	0.1456184930008088	0.6648506	Descendant	1913476500.0	1000	48
125	3	89	559525	0.1456184930008088	0.23349722	Descendant	672856400.0	1000	48
126	4	94	567427	0.1456184930008088	0.2885103	Descendant	330746560.0	1000	48
127	5	102	580196	0.1456184930008088	0.12007011	Descendant	465610800.0	1000	48
128	6	117	94149	0.0	0.9859401	Merger	1180641500.0	100	48
129	7	118	103489	0.0	0.22547188	Merger	135992640.0	100	48
130	8	119	114897	0.0	0.65193003	Merger	17121458000.0	100	48
131	9	120	125448	0.0	0.15853359	Merger	99441780000.0	100	48
132	10	121	148163	0.0	0.11084664	Merger	774431550.0	100	48
133	11	122	150361	0.0	0.1640438	Merger	192963460000.0	100	48
134	12	123	191333	0.0	1.0783453	Merger	326083970.0	100	48
135	13	124	192417	0.0	0.27058464	Merger	493151460.0	100	48
136	14	125	196856	0.0	0.1624981	Merger	4195057400.0	100	48
137	15	126	204631	0.0	0.18564202	Merger	88340660.0	100	48
138	16	127	214894	0.0	0.24665725	Merger	395933340.0	100	48
139	17	128	214898	0.0	1.1010852	Merger	324946270.0	100	48
140	18	129	231317	0.0	0.23033828	Merger	320793020.0	100	48
141	19	130	244529	0.0	0.20182756	Merger	81452245000.0	100	48
142	20	131	275134	0.0	0.17595638	Merger	8614956000.0	100	48
143	21	132	277965	0.0	0.12942095	Merger	45483717000.0	100	48
144	22	133	279796	0.0	1.0445101	Merger	29492260000.0	100	48
145	23	134	298219	0.0	0.17070776	Merger	34114169000.0	100	48
146	24	135	330862	0.0	0.28839427	Merger	242525860.0	100	48
147	25	136	336361	0.0	0.13262436	Merger	3521732900.0	100	48
148	26	137	348296	0.0	0.14216936	Merger	17437241000.0	100	48
149	27	138	351498	0.0	1.6236291	Merger	324438370.0	100	48
150	28	139	353158	0.0	1.1790638	Merger	14545726000.0	100	48
151	29	140	357910	0.0	0.192378	Merger	15208580000.0	100	48
152	30	141	362181	0.0	0.119491585	Merger	9988512000.0	100	48
153	31	142	362402	0.0	0.11581207	Merger	9029572000.0	100	48
154	32	143	381397	0.0	0.34733045	Merger	87624410.0	100	48
155	33	144	382571	0.0	0.14180951	Merger	8310903000.0	100	48
156	34	145	393315	0.0	0.27398947	Merger	7734358000.0	100	48
157	35	146	398451	0.0	0.30921182	Merger	8015307300.0	100	48
158	36	147	405814	0.0	0.16838072	Merger	2052149400.0	100	48
159	37	148	406237	0.0	0.11892378	Merger	244697710.0	100	48
160	38	149	411158	0.0	0.12431415	Merger	2392729600.0	100	48
161	39	150	422391	0.0	0.34764293	Merger	185199380.0	100	48
162	40	151	422973	0.0	0.37421447	Merger	232780560.0	100	48
163	41	152	426532	0.0	1.436772	Merger	7228197400.0	100	48
164	42	153	434196	0.0	1.4767894	Merger	2903207200.0	100	48
165	43	154	434319	0.0	0.3122078	Merger	2278603300.0	100	48
166	44	155	436866	0.0	0.25189564	Merger	3486212900.0	100	48
167	45	156	438440	0.0	0.39236128	Merger	2513816600.0	100	48
168	46	157	442038	0.0	0.4170431	Merger	3304007400.0	100	48
169	47	158	449009	0.0	0.17830947	Merger	3020245500.0	100	48
170	48	159	449501	0.0	0.18995287	Merger	1787795300.0	100	48
171	49	160	451786	0.0	0.34102586	Merger	1134395100.0	100	48
172	50	161	453867	0.0	0.13635144	Merger	3433469200.0	100	48
173	51	162	454324	0.0	0.12585121	Merger	241630660.0	100	48
174	52	163	456462	0.0	0.12939498	Merger	433238100.0	100	48
175	53	164	457845	0.0	0.20158732	Merger	1408021500.0	100	48
176	54	165	461917	0.0	0.76861924	Merger	797892740.0	100	48
177	55	166	462320	0.0	0.7513908	Merger	1987177700.0	100	48
178	56	167	481249	0.0	0.10847053	Merger	90644424.0	100	48
179	57	168	484560	0.0	0.21014987	Merger	1680311200.0	100	48
180	58	169	487898	0.0	0.4112495	Merger	976160300.0	100	48
181	59	170	488648	0.0	0.12755683	Merger	1162670100.0	100	48
182	60	171	492120	0.0	0.22606951	Merger	96790820.0	100	48
183	61	172	496005	0.0	0.40211618	Merger	957771900.0	100	48
184	62	173	511461	0.0	0.13078988	Merger	477085150.0	100	48
185	63	174	511733	0.0	0.15059923	Merger	580692400.0	100	48
186	64	175	512666	0.0	0.2850468	Merger	442126980.0	100	48
187	65	176	514057	0.0	0.5189322	Merger	814084540.0	100	48
188	66	177	524602	0.0	0.2843971	Merger	597340900.0	100	48
189	67	178	526920	0.0	0.2603718	Merger	658086600.0	100	48
190	68	179	528460	0.0	0.124591805	Merger	535391360.0	100	48
191	69	180	529052	0.0	0.10329497	Merger	116907070.0	100	48
192	70	181	533450	0.0	0.27137715	Merger	331738400.0	100	48
193	71	182	536300	0.0	0.18824913	Merger	201735360.0	100	48
194	72	183	541596	0.0	0.15103374	Merger	350744030.0	100	48
195	73	184	542881	0.0	0.11624386	Merger	88916500.0	100	48
196	74	185	547354	0.0	0.38093543	Merger	402519420.0	100	48
197	75	186	550326	0.0	0.11385706	Merger	86974010.0	100	48
198	76	187	552657	0.0	0.21894006	Merger	286064740.0	100	48
199	77	188	553401	0.0	0.21973687	Merger	402524200.0	100	48
200	78	189	564160	0.0	0.40284964	Merger	297745800.0	100	48
201	79	190	565766	0.0	1.4414796	Merger	108897256.0	100	48
202	80	191	571937	0.0	0.31241366	Merger	144148850.0	100	48
203	81	192	574672	0.0	0.3149951	Merger	125153850.0	100	48
204	82	193	579486	0.0	0.4605335	Merger	101127270.0	100	48
205	83	194	580911	0.0	0.105224125	Merger	298332350.0	100	48
206	84	195	582892	0.0	0.10977781	Merger	134981810.0	100	48
207	85	196	583366	0.0	0.50341064	Merger	329461730.0	100	48
208	86	197	585285	0.0	0.30836552	Merger	136725280.0	100	48
209	87	198	586733	0.0	0.1716918	Merger	140266350.0	100	48
210	88	199	586966	0.0	0.18150203	Merger	87165784.0	100	48
211	89	200	587388	0.0	0.2558139	Merger	95025970.0	100	48
212	90	201	606682	0.0	0.14324473	Merger	325898980.0	100	48
213	91	202	609332	0.0	0.29507264	Merger	142834990.0	100	48
214	92	203	619505	0.0	0.102166496	Merger	113429310.0	100	48
215	93	204	630035	0.0	0.29442897	Merger	88336170.0	100	48
216	94	205	633020	0.0	0.12177902	Merger	87674536.0	100	48
217	95	206	634764	0.0	0.39685833	Merger	87331350.0	100	48
218	96	207	637374	0.0	0.9780182	Merger	85531240.0	100	48
219	97	208	638006	0.0	0.17120571	Merger	86951450.0	100	48
220	98	209	640051	0.0	0.33260524	Merger	103177260.0	100	48
221	99	301	527799	-0.1493930599999995	0.10001493	next_progenitor	97633250.0	10	48
222	100	308	525504	-0.1493930599999995	0.15673554	first_progenitor	109948840.0	1	48
223	101	388	612368	-0.1493930599999995	0.21189968	first_progenitor	157923950.0	1	48
224	102	398	20	-0.3013930599999996	0.15597397	first_progenitor	1072210400.0	1	48
225	103	472	484689	-0.3013930599999996	0.36672476	next_progenitor	1413283800.0	10	48
226	104	537	607997	-0.3013930599999996	0.15765965	first_progenitor	108113000.0	1	48
227	105	641	550805	-0.4973930600000003	0.15105037	next_progenitor	759046100.0	10	48
228	106	662	612749	-0.4973930600000003	0.18505907	next_progenitor	165888770.0	10	48
229	0	8	5	0.2950115530008084	1.215618	Descendant	96411330000.0	1000	49
230	1	208	277	0.0	1.4839596	Merger	474333820.0	100	49
231	2	209	40778	0.0	0.15196119	Merger	1026526600000.0	100	49
232	3	210	54364	0.0	0.12151629	Merger	1732671600.0	100	49
233	4	211	54367	0.0	0.117522426	Merger	4851455000.0	100	49
234	5	212	103607	0.0	1.8989388	Merger	72673210000.0	100	49
235	6	213	108153	0.0	1.1876379	Merger	10109232000.0	100	49
236	7	214	123623	0.0	0.19881476	Merger	293415700000.0	100	49
237	8	215	154255	0.0	0.1073248	Merger	40335372000.0	100	49
238	9	216	158820	0.0	0.3710968	Merger	358298800.0	100	49
239	10	217	187035	0.0	0.22155689	Merger	149601880000.0	100	49
240	11	218	216500	0.0	0.22728172	Merger	419770940.0	100	49
241	12	219	217643	0.0	0.14166056	Merger	11055715000.0	100	49
242	13	220	229725	0.0	0.13164994	Merger	88810095000.0	100	49
243	14	221	261408	0.0	0.11361652	Merger	33332115000.0	100	49
244	15	222	284673	0.0	0.38419056	Merger	31596126000.0	100	49
245	16	223	297042	0.0	0.35035205	Merger	27929210000.0	100	49
246	17	224	304236	0.0	0.29705623	Merger	2251303200.0	100	49
247	18	225	313648	0.0	0.2612743	Merger	36990083000.0	100	49
248	19	226	317115	0.0	0.82401705	Merger	13334901000.0	100	49
249	20	227	322772	0.0	0.29257044	Merger	1103398500.0	100	49
250	21	228	323178	0.0	0.36598256	Merger	213263540.0	100	49
251	22	229	352711	0.0	0.2644188	Merger	4713806000.0	100	49
252	23	230	357659	0.0	0.112508334	Merger	10531749000.0	100	49
253	24	231	359542	0.0	0.1888145	Merger	646294460.0	100	49
254	25	232	378863	0.0	0.11267098	Merger	4005301800.0	100	49
255	26	233	387915	0.0	0.30406988	Merger	5288566000.0	100	49
256	27	234	413403	0.0	0.806237	Merger	3959254800.0	100	49
257	28	235	415257	0.0	0.17136963	Merger	2831001900.0	100	49
258	29	236	439625	0.0	0.15734297	Merger	2969245400.0	100	49
259	30	237	442245	0.0	0.20453914	Merger	3100424200.0	100	49
260	31	238	449803	0.0	0.16803879	Merger	143182700.0	100	49
261	32	239	459616	0.0	0.19364572	Merger	1315847200.0	100	49
262	33	240	461066	0.0	0.42599007	Merger	911846200.0	100	49
263	34	241	464651	0.0	1.9043783	Merger	972674000.0	100	49
264	35	242	487168	0.0	0.2567913	Merger	1341365100.0	100	49
265	36	243	487470	0.0	0.24342321	Merger	845268030.0	100	49
266	37	244	498014	0.0	0.16008705	Merger	728261100.0	100	49
267	38	245	498312	0.0	0.20416853	Merger	878788200.0	100	49
268	39	246	503399	0.0	0.25509113	Merger	832948500.0	100	49
269	40	247	516601	0.0	0.13461602	Merger	144442300.0	100	49
270	41	248	516779	0.0	0.17814009	Merger	566095360.0	100	49
271	42	249	519861	0.0	0.36286855	Merger	678823600.0	100	49
272	43	250	525668	0.0	0.10075858	Merger	793901200.0	100	49
273	44	251	525737	0.0	0.19611405	Merger	549482050.0	100	49
274	45	252	526199	0.0	0.87399745	Merger	164410130.0	100	49
275	46	253	526486	0.0	0.20743851	Merger	235429820.0	100	49
276	47	254	527749	0.0	0.10001493	Merger	276013300.0	100	49
277	48	255	527830	0.0	0.10261728	Merger	404048770.0	100	49
278	49	256	532965	0.0	0.40201405	Merger	351358900.0	100	49
279	50	257	533541	0.0	0.29483005	Merger	423776320.0	100	49
280	51	258	535215	0.0	0.15673554	Merger	675955400.0	100	49
281	52	259	538373	0.0	0.19180861	Merger	319931870.0	100	49
282	53	260	538910	0.0	0.14671625	Merger	397983460.0	100	49
283	54	261	541944	0.0	0.99449605	Merger	120060460.0	100	49
284	55	262	546686	0.0	0.34360754	Merger	136849870.0	100	49
285	56	263	549821	0.0	0.12519905	Merger	393455780.0	100	49
286	57	264	550108	0.0	0.13769193	Merger	192424240.0	100	49
287	58	265	552227	0.0	0.3190055	Merger	471925900.0	100	49
288	59	266	556778	0.0	0.17813653	Merger	216114220.0	100	49
289	60	267	557693	0.0	0.99329746	Merger	347317300.0	100	49
290	61	268	560229	0.0	0.16570842	Merger	482786460.0	100	49
291	62	269	562798	0.0	0.12482711	Merger	210323730.0	100	49
292	63	270	571271	0.0	0.11133031	Merger	134369630.0	100	49
293	64	271	579153	0.0	0.26214024	Merger	280165060.0	100	49
294	65	272	584563	0.0	0.26860213	Merger	225292110.0	100	49
295	66	273	586064	0.0	0.11936104	Merger	195656530.0	100	49
296	67	274	588219	0.0	0.2516876	Merger	252103400.0	100	49
297	68	275	588760	0.0	0.24301635	Merger	334725500.0	100	49
298	69	276	588976	0.0	0.26443365	Merger	164346500.0	100	49
299	70	277	589079	0.0	0.15499833	Merger	238006100.0	100	49
300	71	278	589214	0.0	0.12212694	Merger	185339420.0	100	49
301	72	279	589897	0.0	0.584877	Merger	120195690.0	100	49
302	73	280	590148	0.0	0.33007258	Merger	269960450.0	100	49
303	74	281	594591	0.0	0.2557515	Merger	210984480.0	100	49
304	75	282	601900	0.0	0.24345684	Merger	94487520.0	100	49
305	76	283	604307	0.0	0.52888495	Merger	148974830.0	100	49
306	77	284	605291	0.0	0.458294	Merger	168729490.0	100	49
307	78	285	608494	0.0	0.99357295	Merger	122801010.0	100	49
308	79	286	609514	0.0	0.124232136	Merger	125180850.0	100	49
309	80	287	610527	0.0	0.16153769	Merger	165619980.0	100	49
310	81	288	611561	0.0	0.34175354	Merger	185589580.0	100	49
311	82	289	612860	0.0	0.23461413	Merger	100487750.0	100	49
312	83	290	618714	0.0	0.5251293	Merger	85752460.0	100	49
313	84	291	619071	0.0	0.1922203	Merger	87308510.0	100	49
314	85	292	622156	0.0	0.31647658	Merger	109688080.0	100	49
315	86	293	624362	0.0	0.2722066	Merger	98189210.0	100	49
316	87	294	625525	0.0	0.2040162	Merger	159299380.0	100	49
317	88	295	625622	0.0	0.32427984	Merger	136296880.0	100	49
318	89	296	625815	0.0	0.2332054	Merger	85954216.0	100	49
319	90	297	628094	0.0	0.16576007	Merger	131665050.0	100	49
320	91	298	629038	0.0	0.12576605	Merger	126776320.0	100	49
321	92	299	633377	0.0	0.18114716	Merger	111940700.0	100	49
322	93	300	635464	0.0	0.21189968	Merger	201208030.0	100	49
323	94	301	636993	0.0	0.27291927	Merger	86389976.0	100	49
324	95	302	648234	0.0	2.0285301	Merger	104655470.0	100	49
325	96	303	652022	0.0	0.1781538	Merger	103265110.0	100	49
326	97	306	20	-0.1520000000000001	0.15597397	first_progenitor	23249205000.0	1	49
327	98	457	630975	-0.1520000000000001	1.5166973	next_progenitor	207378600.0	10	49
328	99	464	78054	-0.3480000000000007	0.9163625	first_progenitor	2903130400.0	1	49
329	100	539	520901	-0.3480000000000007	2.4737923	next_progenitor	956398400.0	10	49
330	101	540	532383	-0.3480000000000007	0.1326837	first_progenitor	671757500.0	1	49
331	102	581	616734	-0.3480000000000007	0.18505907	next_progenitor	142700210.0	10	49
332	103	587	2	-0.4669298000000008	0.10740212	first_progenitor	332578620000.0	1	49
333	104	588	24	-0.4669298000000008	0.10740212	next_progenitor	7020748000.0	10	49
334	0	0	5	0.4470115530008085	1.215618	Descendant	102578390000.0	1001	50
335	1	280	586064	0.1520000000000001	0.11936104	Descendant	209798000.0	1000	50
336	2	309	12	0.0	0.12528016	Merger	15023771000.0	100	50
337	3	310	25	0.0	0.15597397	Merger	1265592800.0	100	50
338	4	311	41129	0.0	0.16670114	Merger	1090059600000.0	100	50
339	5	312	41152	0.0	0.70395553	Merger	2332685800.0	100	50
340	6	313	41186	0.0	0.9595566	Merger	1896292900.0	100	50
341	7	314	79612	0.0	0.27346867	Merger	523955040000.0	100	50
342	8	315	118822	0.0	0.19159062	Merger	260061860.0	100	50
343	9	316	160373	0.0	0.14177719	Merger	2230952200.0	100	50
344	10	317	176335	0.0	1.0822349	Merger	949007700.0	100	50
345	11	318	183228	0.0	0.21712883	Merger	88060640.0	100	50
346	12	319	184809	0.0	0.591842	Merger	5850225700.0	100	50
347	13	320	197030	0.0	0.24320558	Merger	144846640000.0	100	50
348	14	321	197032	0.0	0.111587025	Merger	493194370.0	100	50
349	15	322	212082	0.0	0.10094314	Merger	108598215000.0	100	50
350	16	323	225857	0.0	0.25864637	Merger	94317126000.0	100	50
351	17	324	228904	0.0	0.36813784	Merger	80031920000.0	100	50
352	18	325	233979	0.0	0.12986216	Merger	78315130000.0	100	50
353	19	326	238588	0.0	0.1259657	Merger	1434613600.0	100	50
354	20	327	263486	0.0	1.3085563	Merger	525125300.0	100	50
355	21	328	290856	0.0	0.18588732	Merger	1031098560.0	100	50
356	22	329	300682	0.0	0.27477452	Merger	188616510.0	100	50
357	23	330	312464	0.0	0.17561212	Merger	29376764000.0	100	50
358	24	331	323447	0.0	0.2283245	Merger	30893275000.0	100	50
359	25	332	334207	0.0	1.6092039	Merger	134325570.0	100	50
360	26	333	346813	0.0	0.24987264	Merger	1393884400.0	100	50
361	27	334	365098	0.0	0.2594588	Merger	138797460.0	100	50
362	28	335	386728	0.0	0.17774267	Merger	8839047000.0	100	50
363	29	336	404896	0.0	0.24165268	Merger	8723328000.0	100	50
364	30	337	416257	0.0	0.19926864	Merger	105124856.0	100	50
365	31	338	422061	0.0	0.12023234	Merger	239832140.0	100	50
366	32	339	423764	0.0	0.4121955	Merger	297309470.0	100	50
367	33	340	425045	0.0	2.0349078	Merger	4105612300.0	100	50
368	34	341	443188	0.0	0.15904339	Merger	3738055200.0	100	50
369	35	342	448200	0.0	0.97951865	Merger	464855140.0	100	50
370	36	343	459478	0.0	0.21949694	Merger	400188770.0	100	50
371	37	344	464204	0.0	0.47451842	Merger	3314632000.0	100	50
372	38	345	465702	0.0	0.12770808	Merger	2136056000.0	100	50
373	39	346	467276	0.0	0.112336606	Merger	2187522000.0	100	50
374	40	347	472470	0.0	0.17855509	Merger	204825600.0	100	50
375	41	348	477170	0.0	0.63313	Merger	3145296400.0	100	50
376	42	349	481519	0.0	0.33214024	Merger	97777900.0	100	50
377	43	350	486383	0.0	0.36672476	Merger	316945760.0	100	50
378	44	351	501359	0.0	0.13212398	Merger	383764300.0	100	50
379	45	352	505878	0.0	1.2015443	Merger	1116726900.0	100	50
380	46	353	513478	0.0	0.4331654	Merger	1219233500.0	100	50
381	47	354	514427	0.0	0.21875489	Merger	93151120.0	100	50
382	48	355	519787	0.0	1.3982015	Merger	741827800.0	100	50
383	49	356	529231	0.0	0.14010364	Merger	927606600.0	100	50
384	50	357	531125	0.0	0.22175238	Merger	108133320.0	100	50
385	51	358	532074	0.0	0.18331455	Merger	540407200.0	100	50
386	52	359	532354	0.0	0.23746076	Merger	723651100.0	100	50
387	53	360	534542	0.0	0.16041583	Merger	295347620.0	100	50
388	54	361	537985	0.0	1.150545	Merger	183703520.0	100	50
389	55	362	541550	0.0	0.13630128	Merger	138965870.0	100	50
390	56	363	544783	0.0	0.15220268	Merger	224311900.0	100	50
391	57	364	555091	0.0	0.16474542	Merger	116012590.0	100	50
392	58	365	556643	0.0	0.14690591	Merger	493734500.0	100	50
393	59	366	556874	0.0	0.15157339	Merger	347650560.0	100	50
394	60	367	559381	0.0	0.15819237	Merger	393719840.0	100	50
395	61	368	565513	0.0	0.2395492	Merger	407128260.0	100	50
396	62	369	568930	0.0	1.794506	Merger	227046990.0	100	50
397	63	370	573149	0.0	0.13482471	Merger	248237620.0	100	50
398	64	371	574097	0.0	0.37551075	Merger	292574300.0	100	50
399	65	372	575769	0.0	0.14397351	Merger	335853570.0	100	50
400	66	373	577921	0.0	0.123892404	Merger	148557580.0	100	50
401	67	374	579286	0.0	0.1252109	Merger	603859600.0	100	50
402	68	375	581429	0.0	0.55573267	Merger	135170670.0	100	50
403	69	376	592921	0.0	0.1250964	Merger	201031780.0	100	50
404	70	377	596479	0.0	0.40086582	Merger	198564500.0	100	50
405	71	378	612358	0.0	0.50839525	Merger	119024930.0	100	50
406	72	379	613162	0.0	1.2297542	Merger	152415090.0	100	50
407	73	380	618763	0.0	0.64572036	Merger	190048020.0	100	50
408	74	381	620165	0.0	0.11092094	Merger	121006744.0	100	50
409	75	382	623386	0.0	0.109713756	Merger	96489464.0	100	50
410	76	383	624344	0.0	0.17432489	Merger	143007170.0	100	50
411	77	384	625841	0.0	0.15765965	Merger	163433140.0	100	50
412	78	385	633635	0.0	0.13750643	Merger	90492504.0	100	50
413	79	386	633946	0.0	0.186737	Merger	94400104.0	100	50
414	80	387	641639	0.0	1.5166973	Merger	104137650.0	100	50
415	81	388	675083	0.0	0.13146906	Merger	85997320.0	100	50
416	82	446	451095	-0.1960000000000006	0.12904517	next_progenitor	155735860.0	10	50
417	83	464	498749	-0.1960000000000006	0.18866782	next_progenitor	883792200.0	10	50
418	84	486	544757	-0.1960000000000006	0.15815821	next_progenitor	1041226050.0	10	50
419	85	502	593492	-0.1960000000000006	0.11949202	first_progenitor	311155680.0	1	50
420	86	510	628470	-0.1960000000000006	0.90684265	next_progenitor	128409120.0	10	50
421	87	515	34	-0.3149298000000007	0.10740212	next_progenitor	5632498700.0	10	50
422	88	542	229981	-0.3149298000000007	1.288899	first_progenitor	382535500.0	1	50
423	89	625	529823	-0.3149298000000007	0.33728236	next_progenitor	190797400.0	10	50
424	90	657	566955	-0.3149298000000007	0.33159512	first_progenitor	679095230.0	1	50
425	91	671	580458	-0.3149298000000007	0.19257092	next_progenitor	312770080.0	10	50
426	92	736	481803	-0.4776387097647934	0.10633054	first_progenitor	1966273700.0	1	50
427	93	783	592448	-0.4776387097647934	0.13263758	next_progenitor	174106540.0	10	50
428	94	787	587067	-0.4776387097647934	0.55941933	next_progenitor	592718500.0	10	50
429	0	2	12	0.1960000000000006	0.12528016	Descendant	6883355600.0	1100	51
430	1	24	279796	0.4973930600000003	1.0445101	Descendant	400281020.0	1000	51
431	2	51	451786	0.4973930600000003	0.34102586	Descendant	501249500.0	1000	51
432	3	118	313648	0.3480000000000007	0.2612743	Descendant	39575704000.0	1000	51
433	4	140	516601	0.3480000000000007	0.13461602	Descendant	123578320.0	1000	51
434	5	165	584563	0.3480000000000007	0.26860213	Descendant	412610430.0	1000	51
435	6	196	25	0.1960000000000006	0.15597397	Descendant	11227186000.0	1000	51
436	7	250	555091	0.1960000000000006	0.16474542	Descendant	661778370.0	1000	51
437	8	275	41502	0.0	0.13831039	Merger	45074285000.0	100	51
438	9	276	80562	0.0	0.9163625	Merger	2860933000.0	100	51
439	10	277	116842	0.0	0.2819642	Merger	341350350000.0	100	51
440	11	278	131081	0.0	0.18029553	Merger	155160660000.0	100	51
441	12	279	171864	0.0	0.15782401	Merger	168394960.0	100	51
442	13	280	224919	0.0	0.14594093	Merger	2694250500.0	100	51
443	14	281	240852	0.0	0.17681372	Merger	268739140.0	100	51
444	15	282	250155	0.0	0.19701341	Merger	52832910000.0	100	51
445	16	283	264288	0.0	0.39445296	Merger	69462745000.0	100	51
446	17	284	291360	0.0	0.18396865	Merger	508924060.0	100	51
447	18	285	300401	0.0	1.1388272	Merger	2681390300.0	100	51
448	19	286	326460	0.0	7.8685446	Merger	428902620.0	100	51
449	20	287	328241	0.0	0.12788972	Merger	27613977000.0	100	51
450	21	288	345584	0.0	0.31434166	Merger	8668071000.0	100	51
451	22	289	347555	0.0	0.35654142	Merger	12150733000.0	100	51
452	23	290	348313	0.0	0.3074241	Merger	23134814000.0	100	51
453	24	291	375411	0.0	0.5516893	Merger	542599800.0	100	51
454	25	292	384527	0.0	0.29146343	Merger	766521150.0	100	51
455	26	293	388523	0.0	0.5932534	Merger	935548700.0	100	51
456	27	294	395779	0.0	0.25337186	Merger	13375446000.0	100	51
457	28	295	404088	0.0	0.105984904	Merger	5444829000.0	100	51
458	29	296	416664	0.0	0.15311201	Merger	198532080.0	100	51
459	30	297	418932	0.0	0.16511726	Merger	3971153700.0	100	51
460	31	298	435391	0.0	0.13137574	Merger	339376740.0	100	51
461	32	299	446663	0.0	1.6598501	Merger	1064873900.0	100	51
462	33	300	454453	0.0	0.1692429	Merger	892164160.0	100	51
463	34	301	463860	0.0	0.14016946	Merger	3214808300.0	100	51
464	35	302	466542	0.0	0.33094764	Merger	2871643400.0	100	51
465	36	303	468325	0.0	0.12904517	Merger	2414539500.0	100	51
466	37	304	469397	0.0	0.30679917	Merger	1348263700.0	100	51
467	38	305	475529	0.0	0.2909235	Merger	1675079000.0	100	51
468	39	306	477318	0.0	0.36368176	Merger	705741900.0	100	51
469	40	307	486320	0.0	2.187043	Merger	1523457400.0	100	51
470	41	308	495470	0.0	0.20867394	Merger	1811815300.0	100	51
471	42	309	499745	0.0	0.12287307	Merger	1282113800.0	100	51
472	43	310	500430	0.0	1.2855976	Merger	462704220.0	100	51
473	44	311	517053	0.0	0.2529457	Merger	912617900.0	100	51
474	45	312	524066	0.0	0.18866782	Merger	434087840.0	100	51
475	46	313	529487	0.0	0.18679607	Merger	245516530.0	100	51
476	47	314	529989	0.0	2.4737923	Merger	135965970.0	100	51
477	48	315	541182	0.0	0.1326837	Merger	760618600.0	100	51
478	49	316	542828	0.0	0.1302367	Merger	139296290.0	100	51
479	50	317	543817	0.0	0.33399403	Merger	681727500.0	100	51
480	51	318	545456	0.0	0.2016539	Merger	566389900.0	100	51
481	52	319	551692	0.0	0.17426777	Merger	324963360.0	100	51
482	53	320	554915	0.0	0.20243274	Merger	424261440.0	100	51
483	54	321	556833	0.0	0.7458067	Merger	435019170.0	100	51
484	55	322	559540	0.0	0.11995223	Merger	285046000.0	100	51
485	56	323	560208	0.0	0.15815821	Merger	936619140.0	100	51
486	57	324	565767	0.0	0.15105037	Merger	455997820.0	100	51
487	58	325	575418	0.0	0.2331918	Merger	410553250.0	100	51
488	59	326	579620	0.0	0.983829	Merger	120859544.0	100	51
489	60	327	581256	0.0	0.24011977	Merger	337362600.0	100	51
490	61	328	584369	0.0	0.3106262	Merger	265897820.0	100	51
491	62	329	584851	0.0	0.13673878	Merger	186050450.0	100	51
492	63	330	585451	0.0	0.4738042	Merger	267827840.0	100	51
493	64	331	588303	0.0	0.10763967	Merger	165937170.0	100	51
494	65	332	597899	0.0	0.105082944	Merger	212537520.0	100	51
495	66	333	606578	0.0	0.11949202	Merger	298741250.0	100	51
496	67	334	606645	0.0	0.9034112	Merger	106828264.0	100	51
497	68	335	620452	0.0	0.12868623	Merger	136375580.0	100	51
498	69	336	625119	0.0	0.18505907	Merger	164970740.0	100	51
499	70	337	639650	0.0	0.90684265	Merger	91685450.0	100	51
500	71	338	642733	0.0	2.1843145	Merger	147742450.0	100	51
501	72	339	654546	0.0	0.20638295	Merger	94931900.0	100	51
502	73	340	5	-0.1189298	0.10740212	first_progenitor	116306570000.0	1	51
503	74	341	33	-0.1189298	0.10740212	next_progenitor	3019465500.0	10	51
504	75	363	407434	-0.1189298	0.19520102	next_progenitor	5345428500.0	10	51
505	76	407	376409	-0.1189298	0.20647624	first_progenitor	773552400.0	1	51
506	77	433	476495	-0.1189298	0.12114809	next_progenitor	1075449500.0	10	51
507	78	489	563300	-0.1189298	0.19702955	next_progenitor	208721150.0	10	51
508	79	508	595535	-0.1189298	0.39276493	first_progenitor	90706290.0	1	51
509	80	579	508121	-0.2816387097647927	0.24027151	next_progenitor	1699641100.0	10	51
510	81	606	565033	-0.2816387097647927	0.18625255	first_progenitor	173533470.0	1	51
511	0	0	12	0.3149298000000007	0.12528016	Descendant	7142611000.0	2000	52
512	1	1	277	0.4669298000000008	1.4839596	Descendant	426875700.0	1000	52
513	2	55	546686	0.4669298000000008	0.34360754	Descendant	349459600.0	1000	52
514	3	97	25	0.3149298000000007	0.15597397	Descendant	5160379400.0	1000	52
515	4	137	486383	0.3149298000000007	0.36672476	Descendant	2471327000.0	1000	52
516	5	241	3	0.0	0.10740212	Merger	129156400000.0	100	52
517	6	242	42285	0.0	0.18920821	Merger	403877300.0	100	52
518	7	243	83786	0.0	0.6870531	Merger	10800942000.0	100	52
519	8	244	91261	0.0	0.20276208	Merger	40513343000.0	100	52
520	9	245	99539	0.0	1.0496464	Merger	548766780000.0	100	52
521	10	246	111187	0.0	0.4900213	Merger	341165280000.0	100	52
522	11	247	150589	0.0	0.16741374	Merger	474367680.0	100	52
523	12	248	179894	0.0	0.14514138	Merger	199506840000.0	100	52
524	13	249	179896	0.0	0.384596	Merger	946264450.0	100	52
525	14	250	182349	0.0	0.13636528	Merger	14907463000.0	100	52
526	15	251	186295	0.0	0.16491708	Merger	92901144.0	100	52
527	16	252	218608	0.0	0.19520102	Merger	6499362000.0	100	52
528	17	253	224855	0.0	0.15680858	Merger	116444094000.0	100	52
529	18	254	228491	0.0	0.12982903	Merger	13513765000.0	100	52
530	19	255	229933	0.0	0.19469574	Merger	170404210.0	100	52
531	20	256	239715	0.0	1.288899	Merger	708221060.0	100	52
532	21	257	246229	0.0	0.16888285	Merger	85938190.0	100	52
533	22	258	257103	0.0	0.22618106	Merger	109109576.0	100	52
534	23	259	260131	0.0	0.1496737	Merger	78021860000.0	100	52
535	24	260	261718	0.0	0.13552308	Merger	3402727200.0	100	52
536	25	261	280122	0.0	0.5186468	Merger	17265013000.0	100	52
537	26	262	295917	0.0	0.76816285	Merger	634922200.0	100	52
538	27	263	298421	0.0	1.1090782	Merger	820542500.0	100	52
539	28	264	306717	0.0	0.19638607	Merger	2844627000.0	100	52
540	29	265	314308	0.0	0.26288503	Merger	21594077000.0	100	52
541	30	266	329777	0.0	0.4750531	Merger	8535706600.0	100	52
542	31	267	330653	0.0	0.17427343	Merger	37427080000.0	100	52
543	32	268	340719	0.0	0.120372504	Merger	537466940.0	100	52
544	33	269	355111	0.0	0.27163708	Merger	14578013000.0	100	52
545	34	270	356343	0.0	0.22775069	Merger	18623371000.0	100	52
546	35	271	367681	0.0	0.17372125	Merger	201329150.0	100	52
547	36	272	377268	0.0	0.45099843	Merger	358579170.0	100	52
548	37	273	377796	0.0	0.15954891	Merger	501279170.0	100	52
549	38	274	384915	0.0	0.13349637	Merger	5062428000.0	100	52
550	39	275	385195	0.0	0.20647624	Merger	3142783200.0	100	52
551	40	276	386046	0.0	1.1670328	Merger	9818373000.0	100	52
552	41	277	404606	0.0	0.18384838	Merger	275223870.0	100	52
553	42	278	418493	0.0	0.2312486	Merger	3316486100.0	100	52
554	43	279	419151	0.0	0.29345167	Merger	2918428000.0	100	52
555	44	280	436584	0.0	0.17779176	Merger	4051768300.0	100	52
556	45	281	439328	0.0	0.18267076	Merger	4164709400.0	100	52
557	46	282	440095	0.0	0.10755981	Merger	1458838000.0	100	52
558	47	283	441215	0.0	0.3370932	Merger	2640245200.0	100	52
559	48	284	449969	0.0	0.84449005	Merger	1194944600.0	100	52
560	49	285	463287	0.0	1.6027741	Merger	456267520.0	100	52
561	50	286	467422	0.0	0.14182109	Merger	921504700.0	100	52
562	51	287	472609	0.0	0.31711864	Merger	415700600.0	100	52
563	52	288	485068	0.0	0.12114809	Merger	753866300.0	100	52
564	53	289	489947	0.0	0.2170492	Merger	795672500.0	100	52
565	54	290	499056	0.0	1.4180903	Merger	1480292100.0	100	52
566	55	291	501395	0.0	0.12511683	Merger	974073860.0	100	52
567	56	292	506435	0.0	0.13331038	Merger	196498320.0	100	52
568	57	293	511907	0.0	0.27323765	Merger	1551602400.0	100	52
569	58	294	515437	0.0	0.1431597	Merger	1055373630.0	100	52
570	59	295	517477	0.0	0.16730617	Merger	967190200.0	100	52
571	60	296	518041	0.0	0.83709025	Merger	161212620.0	100	52
572	61	297	523456	0.0	0.20834313	Merger	339599420.0	100	52
573	62	298	523710	0.0	0.24025904	Merger	264307200.0	100	52
574	63	299	534051	0.0	0.58915496	Merger	861889700.0	100	52
575	64	300	536401	0.0	0.19091791	Merger	213502500.0	100	52
576	65	301	541144	0.0	0.33728236	Merger	272305540.0	100	52
577	66	302	541606	0.0	0.25643253	Merger	260240030.0	100	52
578	67	303	542581	0.0	0.15265802	Merger	366635500.0	100	52
579	68	304	543376	0.0	0.27381107	Merger	971690560.0	100	52
580	69	305	546788	0.0	0.11514969	Merger	369479600.0	100	52
581	70	306	547388	0.0	0.11297087	Merger	170768110.0	100	52
582	71	307	547633	0.0	0.3813285	Merger	365129340.0	100	52
583	72	308	548474	0.0	0.117603436	Merger	309356160.0	100	52
584	73	309	548604	0.0	0.18450674	Merger	796367300.0	100	52
585	74	310	549145	0.0	0.20544	Merger	725516740.0	100	52
586	75	311	559700	0.0	0.2609903	Merger	327070200.0	100	52
587	76	312	566125	0.0	0.16179693	Merger	97447770.0	100	52
588	77	313	567549	0.0	0.2515191	Merger	191826720.0	100	52
589	78	314	570529	0.0	0.3100025	Merger	232941780.0	100	52
590	79	315	571499	0.0	0.16765338	Merger	231894190.0	100	52
591	80	316	571637	0.0	0.19702955	Merger	193092640.0	100	52
592	81	317	576240	0.0	0.2623286	Merger	265983300.0	100	52
593	82	318	583172	0.0	0.33159512	Merger	257611040.0	100	52
594	83	319	587984	0.0	0.10111777	Merger	472530200.0	100	52
595	84	320	589723	0.0	1.0812937	Merger	191847420.0	100	52
596	85	321	592754	0.0	0.17129228	Merger	132885930.0	100	52
597	86	322	594912	0.0	0.30053052	Merger	146559650.0	100	52
598	87	323	595254	0.0	1.4570858	Merger	255091180.0	100	52
599	88	324	595588	0.0	0.19036764	Merger	461415200.0	100	52
600	89	325	596761	0.0	0.19257092	Merger	255688960.0	100	52
601	90	326	601150	0.0	0.108660966	Merger	323387040.0	100	52
602	91	327	602809	0.0	0.39276493	Merger	242848940.0	100	52
603	92	328	605289	0.0	1.3572165	Merger	224605580.0	100	52
604	93	329	605958	0.0	0.6366299	Merger	222675890.0	100	52
605	94	330	614490	0.0	0.13886221	Merger	162553800.0	100	52
606	95	331	618849	0.0	0.17180604	Merger	188513230.0	100	52
607	96	332	624548	0.0	0.12299784	Merger	147415860.0	100	52
608	97	333	624669	0.0	0.111507356	Merger	213363420.0	100	52
609	98	334	627353	0.0	0.11914189	Merger	182855760.0	100	52
610	99	335	630489	0.0	0.18212044	Merger	185978290.0	100	52
611	100	336	634605	0.0	0.10245814	Merger	86127640.0	100	52
612	101	337	640845	0.0	0.118251085	Merger	130578370.0	100	52
613	102	338	641027	0.0	0.8667388	Merger	103471860.0	100	52
614	103	339	649657	0.0	0.13879897	Merger	93860500.0	100	52
615	104	340	728595	0.0	0.15476638	Merger	85873350.0	100	52
616	105	341	46	-0.1627089097647927	1.1938322	first_progenitor	926423360.0	1	52
617	106	342	52	-0.1627089097647927	1.1938322	next_progenitor	2935920000.0	10	52
618	107	373	460361	-0.1627089097647927	0.4537533	first_progenitor	2498420500.0	1	52
619	108	408	555667	-0.1627089097647927	1.4952862	next_progenitor	553306800.0	10	52
620	0	0	12	0.4776387097647934	0.12528016	Descendant	10371494000.0	2000	53
621	1	1	25	0.4776387097647934	0.15597397	Descendant	15696519000.0	1000	53
622	2	144	654546	0.2816387097647927	0.20638295	Descendant	105925210.0	1000	53
623	3	145	3	0.1627089097647927	0.10740212	Descendant	130884570000.0	1000	53
624	4	245	48	0.0	1.1938322	Merger	5688124000.0	100	53
625	5	246	94701	0.0	0.14640623	Merger	171300900000.0	100	53
626	6	247	94707	0.0	0.17111304	Merger	27896355000.0	100	53
627	7	248	129477	0.0	0.60654545	Merger	18460766000.0	100	53
628	8	249	237756	0.0	0.10079615	Merger	90229830000.0	100	53
629	9	250	280544	0.0	0.15945615	Merger	73950730000.0	100	53
630	10	251	287933	0.0	0.11079763	Merger	10126213000.0	100	53
631	11	252	306790	0.0	0.21827975	Merger	31561431000.0	100	53
632	12	253	336011	0.0	0.20217906	Merger	1004993660.0	100	53
633	13	254	347762	0.0	0.13825162	Merger	20474927000.0	100	53
634	14	255	368463	0.0	0.101951525	Merger	169930000.0	100	53
635	15	256	381410	0.0	0.29430667	Merger	13588820000.0	100	53
636	16	257	382153	0.0	0.13880342	Merger	1947517600.0	100	53
637	17	258	411787	0.0	0.22666033	Merger	8066025500.0	100	53
638	18	259	445585	0.0	0.15282853	Merger	6641115600.0	100	53
639	19	260	449873	0.0	0.26670766	Merger	846918400.0	100	53
640	20	261	467159	0.0	0.4537533	Merger	464805220.0	100	53
641	21	262	475241	0.0	0.3184273	Merger	2402757000.0	100	53
642	22	263	476481	0.0	1.4753107	Merger	2971183900.0	100	53
643	23	264	477240	0.0	0.15902951	Merger	4829390000.0	100	53
644	24	265	492002	0.0	1.0497677	Merger	1419367600.0	100	53
645	25	266	505344	0.0	0.10633054	Merger	805724900.0	100	53
646	26	267	513046	0.0	0.11165816	Merger	356340540.0	100	53
647	27	268	513225	0.0	0.28455344	Merger	891528960.0	100	53
648	28	269	514442	0.0	0.24027151	Merger	1238454700.0	100	53
649	29	270	522502	0.0	0.2902978	Merger	333555360.0	100	53
650	30	271	531123	0.0	0.5840231	Merger	871820860.0	100	53
651	31	272	536668	0.0	0.24087837	Merger	191386780.0	100	53
652	32	273	549404	0.0	0.1581953	Merger	360345760.0	100	53
653	33	274	549866	0.0	0.20260872	Merger	566309600.0	100	53
654	34	275	555010	0.0	0.10513487	Merger	593791000.0	100	53
655	35	276	558351	0.0	0.72996277	Merger	498199650.0	100	53
656	36	277	559744	0.0	0.22485848	Merger	674244400.0	100	53
657	37	278	560879	0.0	1.4952862	Merger	374173600.0	100	53
658	38	279	562095	0.0	0.18483321	Merger	603351360.0	100	53
659	39	280	563939	0.0	0.32897967	Merger	483170430.0	100	53
660	40	281	573250	0.0	0.16073503	Merger	372397250.0	100	53
661	41	282	573613	0.0	0.25134003	Merger	271418880.0	100	53
662	42	283	580096	0.0	0.18625255	Merger	166235580.0	100	53
663	43	284	583563	0.0	0.15767148	Merger	285993540.0	100	53
664	44	285	584623	0.0	0.45483607	Merger	425544420.0	100	53
665	45	286	586309	0.0	0.17179732	Merger	397529000.0	100	53
666	46	287	597100	0.0	0.17838024	Merger	176255860.0	100	53
667	47	288	597517	0.0	0.20844361	Merger	171073580.0	100	53
668	48	289	600578	0.0	0.12666245	Merger	206137330.0	100	53
669	49	290	602837	0.0	0.13263758	Merger	90954584.0	100	53
670	50	291	603474	0.0	0.14129378	Merger	449949470.0	100	53
671	51	292	606844	0.0	0.55941933	Merger	181956080.0	100	53
672	52	293	611345	0.0	0.2008112	Merger	238948800.0	100	53
673	53	294	611590	0.0	0.4337993	Merger	272836320.0	100	53
674	54	295	635244	0.0	0.22173122	Merger	146706990.0	100	53
675	55	296	636330	0.0	0.19607908	Merger	177496260.0	100	53
676	56	297	639887	0.0	0.16079359	Merger	119662610.0	100	53
677	57	298	646390	0.0	0.2468221	Merger	131938140.0	100	53
678	58	299	670945	0.0	0.10818613	Merger	146455180.0	100	53
