	Subfind_ID	t-t_merg	q	Type	mass	int_type	center	SFR	num_mergers_in_last_2Gyr	N	r_1	r_2
122	601298	0.0	0.5077184	Merger	168897550.0	101	48	0.02439353	1	10	608.8276567048234	653.9703139453738
123	5	0.1456184930008088	1.215618	Descendant	128241360000.0	1000	48	0.4996414	1	26	58.530141165626425	59.784000509905844
124	517062	0.1456184930008088	0.6648506	Descendant	1913476500.0	1000	48	0.7149023	0	24	305.71079544746266	341.44570074234383
125	559525	0.1456184930008088	0.23349722	Descendant	672856400.0	1000	48	0.17685024	0	12	479.4079472677039	593.32851148564
126	567427	0.1456184930008088	0.2885103	Descendant	330746560.0	1000	48	0.14311732	0	37	212.77161152311388	218.30363230792602
127	580196	0.1456184930008088	0.12007011	Descendant	465610800.0	1000	48	0.16831516	0	30	616.5962507926217	682.0817015818136
128	94149	0.0	0.9859401	Merger	1180641500.0	100	48	0.27281824	1	83	9.61888517436066	16.413528125140665
129	103489	0.0	0.22547188	Merger	135992640.0	100	48	0.040503465	1	583	49.07214591398677	77.97934773557236
130	114897	0.0	0.65193003	Merger	17121458000.0	100	48	18.601555	1	27	18.176223301139927	25.02962553406148
131	125448	0.0	0.15853359	Merger	99441780000.0	100	48	6.037377	1	12	192.37496939960863	421.6454883889669
132	148163	0.0	0.11084664	Merger	774431550.0	100	48	0.21128316	1	78	41.39549131507445	240.42578569202465
133	150361	0.0	0.1640438	Merger	192963460000.0	100	48	35.176186	1	2	54.01030442776029	1565.5436109846646
134	191333	0.0	1.0783453	Merger	326083970.0	100	48	0.38954592	1	48	93.1441974607012	96.3766499502584
135	192417	0.0	0.27058464	Merger	493151460.0	100	48	0.38654146	1	62	81.14424252240543	91.73033812312822
136	196856	0.0	0.1624981	Merger	4195057400.0	100	48	0.67965156	1	13	37.33037334955211	59.55219818338045
137	204631	0.0	0.18564202	Merger	88340660.0	100	48	0.015037963	1	264	110.43575883000769	122.09184411297909
138	214894	0.0	0.24665725	Merger	395933340.0	100	48	0.14955732	1	153	19.88134574298536	135.98809298841354
139	214898	0.0	1.1010852	Merger	324946270.0	100	48	0.15303603	1	163	29.2781689441156	32.198314249850455
140	231317	0.0	0.23033828	Merger	320793020.0	100	48	0.06588536	1	66	81.56630800998721	86.06048164938197
141	244529	0.0	0.20182756	Merger	81452245000.0	100	48	0.7912858	1	2	1859.7232488705354	1959.2805251448551
142	275134	0.0	0.17595638	Merger	8614956000.0	100	48	2.3994539	1	9	52.82258553652554	187.82558163400589
143	277965	0.0	0.12942095	Merger	45483717000.0	100	48	23.904728	1	3	615.6282972078036	1242.380496471803
144	279796	0.0	1.0445101	Merger	29492260000.0	100	48	12.389226	1	1	1444.102414740642	2499.8493120117537
145	298219	0.0	0.17070776	Merger	34114169000.0	100	48	7.3062243	1	23	678.7485284342534	755.0236560812302
146	330862	0.0	0.28839427	Merger	242525860.0	100	48	0.1896753	1	92	191.70877686118547	207.22758580272867
147	336361	0.0	0.13262436	Merger	3521732900.0	100	48	1.9483728	1	13	54.61086721253404	125.15481130483761
148	348296	0.0	0.14216936	Merger	17437241000.0	100	48	9.675273	1	4	351.66215627110125	1025.1111476949648
149	351498	0.0	1.6236291	Merger	324438370.0	100	48	0.15636256	1	59	65.14448433866418	94.55181338908669
150	353158	0.0	1.1790638	Merger	14545726000.0	100	48	1.9583529	1	4	253.2201876348877	1736.8358936694433
151	357910	0.0	0.192378	Merger	15208580000.0	100	48	2.0802557	1	12	753.8223154954684	783.6540892301753
152	362181	0.0	0.119491585	Merger	9988512000.0	100	48	2.1018462	2	14	352.9033887353779	411.42198103326587
153	362402	0.0	0.11581207	Merger	9029572000.0	100	48	4.20879	1	1	529.9646863495428	2489.986349978867
154	381397	0.0	0.34733045	Merger	87624410.0	100	48	0.022555333	1	177	115.49662072758427	195.4161034764357
155	382571	0.0	0.14180951	Merger	8310903000.0	100	48	1.5538604	1	2	1582.790240604487	1787.617016716107
156	393315	0.0	0.27398947	Merger	7734358000.0	100	48	3.4215841	1	15	443.21908485097026	1040.4373155264477
157	398451	0.0	0.30921182	Merger	8015307300.0	100	48	2.8659458	2	13	298.7086156659973	446.97375020952205
158	405814	0.0	0.16838072	Merger	2052149400.0	100	48	0.3754992	1	24	125.66244211974602	367.77133271870065
159	406237	0.0	0.11892378	Merger	244697710.0	100	48	0.14113253	1	90	132.55295865463046	144.58762475729037
160	411158	0.0	0.12431415	Merger	2392729600.0	100	48	2.1350875	1	14	73.0374675477819	398.32530983305116
161	422391	0.0	0.34764293	Merger	185199380.0	100	48	0.09771067	1	63	134.44527106959944	180.92084359610564
162	422973	0.0	0.37421447	Merger	232780560.0	100	48	0.04935115	1	259	38.14996050446926	312.5830798393653
163	426532	0.0	1.436772	Merger	7228197400.0	100	48	2.159616	1	5	659.1651554549615	769.0891936177849
164	434196	0.0	1.4767894	Merger	2903207200.0	100	48	1.2081612	1	3	562.4442614195403	1161.8981073823402
165	434319	0.0	0.3122078	Merger	2278603300.0	100	48	1.1881467	1	6	1121.0731012372205	1383.78070378062
166	436866	0.0	0.25189564	Merger	3486212900.0	100	48	0.9143122	1	30	258.5926368521255	669.3123841371431
167	438440	0.0	0.39236128	Merger	2513816600.0	100	48	4.829649	1	107	246.66876406209255	277.9426271216377
168	442038	0.0	0.4170431	Merger	3304007400.0	100	48	1.5083046	1	26	521.1220282385877	611.7098279806048
169	449009	0.0	0.17830947	Merger	3020245500.0	100	48	1.4544656	1	16	640.2122398368189	920.4525695194301
170	449501	0.0	0.18995287	Merger	1787795300.0	100	48	1.0377471	1	17	538.6211684599795	582.9385343344373
171	451786	0.0	0.34102586	Merger	1134395100.0	100	48	0.42142627	1	17	54.0375000010103	346.7809658413198
172	453867	0.0	0.13635144	Merger	3433469200.0	100	48	1.9005839	1	14	351.05459260445093	618.392071751342
173	454324	0.0	0.12585121	Merger	241630660.0	100	48	0.11119012	1	93	105.38087009028173	156.62438293820742
174	456462	0.0	0.12939498	Merger	433238100.0	100	48	0.2514203	2	18	136.25573237602023	479.49898996310776
175	457845	0.0	0.20158732	Merger	1408021500.0	100	48	0.77180135	1	25	251.15071804167033	432.3437761066146
176	461917	0.0	0.76861924	Merger	797892740.0	100	48	0.7596392	2	30	9.51222613723455	18.795343549061318
177	462320	0.0	0.7513908	Merger	1987177700.0	100	48	0.52349293	1	28	525.1871708670121	903.3507882937388
178	481249	0.0	0.10847053	Merger	90644424.0	100	48	0.04148909	1	78	26.659577140120078	322.51299142824035
179	484560	0.0	0.21014987	Merger	1680311200.0	100	48	0.7248205	1	24	215.29257692251915	216.82231023850343
180	487898	0.0	0.4112495	Merger	976160300.0	100	48	0.30052644	1	3	490.64580773774344	637.1152519975388
181	488648	0.0	0.12755683	Merger	1162670100.0	100	48	0.43402156	2	6	637.0536679389154	766.0108105296569
182	492120	0.0	0.22606951	Merger	96790820.0	100	48	0.066581115	2	9	35.95864927570531	362.74039704619867
183	496005	0.0	0.40211618	Merger	957771900.0	100	48	0.49016085	2	30	343.1965794102219	481.4706491603711
184	511461	0.0	0.13078988	Merger	477085150.0	100	48	0.09592174	1	21	217.46014787517436	238.33772810615025
185	511733	0.0	0.15059923	Merger	580692400.0	100	48	0.39564353	1	21	408.00448204978005	547.4445985049402
186	512666	0.0	0.2850468	Merger	442126980.0	100	48	0.29302448	1	10	218.99392362207615	312.21060987006086
187	514057	0.0	0.5189322	Merger	814084540.0	100	48	0.23314549	2	36	476.1167799542627	581.6514102656643
188	524602	0.0	0.2843971	Merger	597340900.0	100	48	0.17431411	1	45	260.28651335926213	264.9206871413196
189	526920	0.0	0.2603718	Merger	658086600.0	100	48	0.21006635	1	39	434.5364809200785	482.31973337778095
190	528460	0.0	0.124591805	Merger	535391360.0	100	48	0.14726423	1	8	476.4581298290114	1283.9306998252462
191	529052	0.0	0.10329497	Merger	116907070.0	100	48	0.08186245	1	51	69.37055558293322	76.65528868667772
192	533450	0.0	0.27137715	Merger	331738400.0	100	48	0.2626747	1	31	692.0303925689543	979.517172892539
193	536300	0.0	0.18824913	Merger	201735360.0	100	48	0.06777781	1	55	573.5020485310358	670.7964686320688
194	541596	0.0	0.15103374	Merger	350744030.0	100	48	0.09959023	1	57	663.9738598280278	709.087848557215
195	542881	0.0	0.11624386	Merger	88916500.0	100	48	0.05356506	1	53	99.65127414645377	135.66121893355535
196	547354	0.0	0.38093543	Merger	402519420.0	100	48	0.10162183	2	11	525.9933848139209	610.2085123661769
197	550326	0.0	0.11385706	Merger	86974010.0	100	48	0.036446452	1	125	9.24682092978838	129.81656993808505
198	552657	0.0	0.21894006	Merger	286064740.0	100	48	0.0937918	2	37	352.9168819196722	1187.4087014389806
199	553401	0.0	0.21973687	Merger	402524200.0	100	48	0.054335434	1	73	388.8672822358424	398.551675155145
200	564160	0.0	0.40284964	Merger	297745800.0	100	48	0.05784264	1	48	291.299023172322	346.83469996846105
201	565766	0.0	1.4414796	Merger	108897256.0	100	48	0.036382064	1	56	7.156596660082434	765.5468758731002
202	571937	0.0	0.31241366	Merger	144148850.0	100	48	0.03457265	1	32	190.77641424987033	269.45457065187236
203	574672	0.0	0.3149951	Merger	125153850.0	100	48	0.027962714	1	35	94.99033259281613	405.23058829884377
204	579486	0.0	0.4605335	Merger	101127270.0	100	48	0.026552789	2	71	10.873044733642885	178.1122832466878
205	580911	0.0	0.105224125	Merger	298332350.0	100	48	0.14216682	3	23	282.86552688845507	524.986205836678
206	582892	0.0	0.10977781	Merger	134981810.0	100	48	0.07887002	1	78	347.4346816400593	574.7721071394604
207	583366	0.0	0.50341064	Merger	329461730.0	100	48	0.12930262	1	68	262.6716907007839	276.50223905590815
208	585285	0.0	0.30836552	Merger	136725280.0	100	48	0.06333481	1	9	59.47425698009737	1028.7094961831021
209	586733	0.0	0.1716918	Merger	140266350.0	100	48	0.04503893	1	102	469.50301193079963	608.3247019843441
210	586966	0.0	0.18150203	Merger	87165784.0	100	48	0.03857222	1	35	596.8033743887964	651.1026362089295
211	587388	0.0	0.2558139	Merger	95025970.0	100	48	0.024291085	1	129	53.92096116317173	220.39108056720633
212	606682	0.0	0.14324473	Merger	325898980.0	100	48	0.18086591	1	58	175.64608265241168	256.5293608655
213	609332	0.0	0.29507264	Merger	142834990.0	100	48	0.06499216	1	36	718.3781430269723	725.7142747361211
214	619505	0.0	0.102166496	Merger	113429310.0	100	48	0.031751413	1	81	493.2865038618435	525.0173586156507
215	630035	0.0	0.29442897	Merger	88336170.0	100	48	0.010351871	1	57	477.784986597777	588.0852601913645
216	633020	0.0	0.12177902	Merger	87674536.0	100	48	0.060763743	1	107	309.42931939181057	459.55495252513737
217	634764	0.0	0.39685833	Merger	87331350.0	100	48	0.033916194	1	49	127.3569700566149	1159.5193352647855
218	637374	0.0	0.9780182	Merger	85531240.0	100	48	0.01759015	1	77	153.5188241743001	173.7440559555623
219	638006	0.0	0.17120571	Merger	86951450.0	100	48	0.03377203	1	31	151.2720291905571	504.0523779923651
220	640051	0.0	0.33260524	Merger	103177260.0	100	48	0.05484658	1	93	376.143820648394	493.4712912858522
221	527799	-0.1493930599999995	0.10001493	next_progenitor	97633250.0	10	48	0.013845694	0	76	37.72052281780968	320.1887803341985
222	525504	-0.1493930599999995	0.15673554	first_progenitor	109948840.0	1	48	0.0276381	0	141	67.8100007039311	72.48169982656421
223	612368	-0.1493930599999995	0.21189968	first_progenitor	157923950.0	1	48	0.043438762	0	36	280.4227552959884	304.22143726170736
224	20	-0.3013930599999996	0.15597397	first_progenitor	1072210400.0	1	48	0.87682223	0	246	9.278286645182142	164.78101889051956
225	484689	-0.3013930599999996	0.36672476	next_progenitor	1413283800.0	10	48	0.31388915	0	4	1571.3333875139786	1617.926416060282
226	607997	-0.3013930599999996	0.15765965	first_progenitor	108113000.0	1	48	0.06259411	0	38	54.8211328946285	159.63538067164345
227	550805	-0.4973930600000003	0.15105037	next_progenitor	759046100.0	10	48	0.41145033	0	37	553.9454527394488	572.4105687208977
228	612749	-0.4973930600000003	0.18505907	next_progenitor	165888770.0	10	48	0.049751896	1	13	1396.8567393845626	1420.6890674752744
