Subfind_ID	t-t_merg	q	Type	mass
407670	-0.4973930600000003	0.7772356	first_progenitor	0.0
407669	-0.4973930600000003	0.7772356	next_progenitor	0.0
37235	-0.4973930600000003	0.13831039	first_progenitor	0.0
37256	-0.4973930600000003	0.13831039	next_progenitor	0.0
999	-0.4973930600000003	0.9163625	first_progenitor	907525.1
999	-0.4973930600000003	0.9163625	next_progenitor	907525.1
117877	-0.4973930600000003	0.2819642	first_progenitor	0.0
117878	-0.4973930600000003	0.2819642	next_progenitor	0.0
196838	-0.4973930600000003	0.18029553	first_progenitor	0.0
196840	-0.4973930600000003	0.18029553	next_progenitor	0.0
667266	-0.4973930600000003	0.15782401	first_progenitor	0.0
667267	-0.4973930600000003	0.15782401	next_progenitor	151321.9
201803	-0.4973930600000003	0.14594093	first_progenitor	0.0
201808	-0.4973930600000003	0.14594093	next_progenitor	184452.86
592527	-0.4973930600000003	0.17681372	first_progenitor	0.0
592528	-0.4973930600000003	0.17681372	next_progenitor	0.0
259008	-0.4973930600000003	0.19701341	first_progenitor	0.0
259010	-0.4973930600000003	0.19701341	next_progenitor	0.0
255321	-0.4973930600000003	0.39445296	first_progenitor	0.0
255322	-0.4973930600000003	0.39445296	next_progenitor	50722.004
270320	-0.4973930600000003	0.18396865	first_progenitor	0.0
273618	-0.4973930600000003	0.18396865	next_progenitor	726665.3
289417	-0.4973930600000003	1.1388272	first_progenitor	0.0
289423	-0.4973930600000003	1.1388272	next_progenitor	0.0
999	-0.4973930600000003	7.8685446	first_progenitor	907525.1
999	-0.4973930600000003	7.8685446	next_progenitor	907525.1
310265	-0.4973930600000003	0.12788972	first_progenitor	86545.34
310267	-0.4973930600000003	0.12788972	next_progenitor	146507.0
371827	-0.4973930600000003	0.31434166	first_progenitor	0.0
371828	-0.4973930600000003	0.31434166	next_progenitor	0.0
337494	-0.4973930600000003	0.35654142	first_progenitor	0.0
337496	-0.4973930600000003	0.35654142	next_progenitor	0.0
328406	-0.4973930600000003	0.3074241	first_progenitor	0.0
328407	-0.4973930600000003	0.3074241	next_progenitor	0.0
423711	-0.4973930600000003	0.5516893	first_progenitor	0.0
423714	-0.4973930600000003	0.5516893	next_progenitor	0.0
364409	-0.4973930600000003	0.29146343	first_progenitor	0.0
364414	-0.4973930600000003	0.29146343	next_progenitor	0.0
448897	-0.4973930600000003	0.5932534	first_progenitor	58525210.0
444244	-0.4973930600000003	0.5932534	next_progenitor	59271.64
365070	-0.4973930600000003	0.25337186	first_progenitor	0.0
365071	-0.4973930600000003	0.25337186	next_progenitor	0.0
381701	-0.4973930600000003	0.105984904	first_progenitor	0.0
381702	-0.4973930600000003	0.105984904	next_progenitor	0.0
399784	-0.4973930600000003	0.15311201	first_progenitor	0.0
399792	-0.4973930600000003	0.15311201	next_progenitor	0.0
392178	-0.4973930600000003	0.16511726	first_progenitor	0.0
392181	-0.4973930600000003	0.16511726	next_progenitor	0.0
449548	-0.4973930600000003	0.13137574	first_progenitor	0.0
449553	-0.4973930600000003	0.13137574	next_progenitor	0.0
434897	-0.4973930600000003	1.6598501	first_progenitor	337387.6
429641	-0.4973930600000003	1.6598501	next_progenitor	74035.92
433079	-0.4973930600000003	0.1692429	first_progenitor	0.0
433081	-0.4973930600000003	0.1692429	next_progenitor	0.0
436816	-0.4973930600000003	0.14016946	first_progenitor	0.0
429544	-0.4973930600000003	0.14016946	next_progenitor	0.0
448493	-0.4973930600000003	0.33094764	first_progenitor	0.0
443532	-0.4973930600000003	0.33094764	next_progenitor	0.0
438413	-0.4973930600000003	0.12904517	first_progenitor	0.0
438414	-0.4973930600000003	0.12904517	next_progenitor	0.0
458640	-0.4973930600000003	0.30679917	first_progenitor	0.0
458645	-0.4973930600000003	0.30679917	next_progenitor	0.0
411898	-0.4973930600000003	0.2909235	first_progenitor	0.0
411900	-0.4973930600000003	0.2909235	next_progenitor	0.0
474077	-0.4973930600000003	0.36368176	first_progenitor	0.0
474079	-0.4973930600000003	0.36368176	next_progenitor	0.0
469475	-0.4973930600000003	2.187043	first_progenitor	172312.89
469472	-0.4973930600000003	2.187043	next_progenitor	0.0
468952	-0.4973930600000003	0.20867394	first_progenitor	0.0
468953	-0.4973930600000003	0.20867394	next_progenitor	0.0
465951	-0.4973930600000003	0.12287307	first_progenitor	0.0
465953	-0.4973930600000003	0.12287307	next_progenitor	0.0
496636	-0.4973930600000003	1.2855976	first_progenitor	0.0
506050	-0.4973930600000003	1.2855976	next_progenitor	195451.11
496912	-0.4973930600000003	0.2529457	first_progenitor	6384702.0
491394	-0.4973930600000003	0.2529457	next_progenitor	0.0
513241	-0.4973930600000003	0.18866782	first_progenitor	6304102.0
514791	-0.4973930600000003	0.18866782	next_progenitor	0.0
504574	-0.4973930600000003	0.18679607	first_progenitor	0.0
504579	-0.4973930600000003	0.18679607	next_progenitor	0.0
578843	-0.4973930600000003	2.4737923	first_progenitor	0.0
578841	-0.4973930600000003	2.4737923	next_progenitor	0.0
530923	-0.4973930600000003	0.1326837	first_progenitor	0.0
530924	-0.4973930600000003	0.1326837	next_progenitor	0.0
534224	-0.4973930600000003	0.1302367	first_progenitor	0.0
534228	-0.4973930600000003	0.1302367	next_progenitor	0.0
525055	-0.4973930600000003	0.33399403	first_progenitor	0.0
525056	-0.4973930600000003	0.33399403	next_progenitor	0.0
524876	-0.4973930600000003	0.2016539	first_progenitor	0.0
524877	-0.4973930600000003	0.2016539	next_progenitor	0.0
556770	-0.4973930600000003	0.17426777	first_progenitor	0.0
556772	-0.4973930600000003	0.17426777	next_progenitor	0.0
535572	-0.4973930600000003	0.20243274	first_progenitor	0.0
535574	-0.4973930600000003	0.20243274	next_progenitor	0.0
544317	-0.4973930600000003	0.7458067	first_progenitor	0.0
538816	-0.4973930600000003	0.7458067	next_progenitor	0.0
541633	-0.4973930600000003	0.11995223	first_progenitor	0.0
541641	-0.4973930600000003	0.11995223	next_progenitor	0.0
540106	-0.4973930600000003	0.15815821	first_progenitor	0.0
540107	-0.4973930600000003	0.15815821	next_progenitor	0.0
550804	-0.4973930600000003	0.15105037	first_progenitor	0.0
550805	-0.4973930600000003	0.15105037	next_progenitor	759046100.0
555839	-0.4973930600000003	0.2331918	first_progenitor	1200033.8
548503	-0.4973930600000003	0.2331918	next_progenitor	0.0
579472	-0.4973930600000003	0.983829	first_progenitor	0.0
574964	-0.4973930600000003	0.983829	next_progenitor	0.0
565806	-0.4973930600000003	0.24011977	first_progenitor	1368660.0
565807	-0.4973930600000003	0.24011977	next_progenitor	73361.336
572134	-0.4973930600000003	0.3106262	first_progenitor	0.0
572135	-0.4973930600000003	0.3106262	next_progenitor	330846.3
559896	-0.4973930600000003	0.13673878	first_progenitor	0.0
572455	-0.4973930600000003	0.13673878	next_progenitor	0.0
576797	-0.4973930600000003	0.4738042	first_progenitor	0.0
576798	-0.4973930600000003	0.4738042	next_progenitor	0.0
559750	-0.4973930600000003	0.10763967	first_progenitor	2401520.8
551134	-0.4973930600000003	0.10763967	next_progenitor	0.0
583513	-0.4973930600000003	0.105082944	first_progenitor	0.0
583514	-0.4973930600000003	0.105082944	next_progenitor	0.0
582037	-0.4973930600000003	0.11949202	first_progenitor	0.0
582038	-0.4973930600000003	0.11949202	next_progenitor	0.0
596825	-0.4973930600000003	0.9034112	first_progenitor	0.0
596823	-0.4973930600000003	0.9034112	next_progenitor	0.0
592754	-0.4973930600000003	0.12868623	first_progenitor	0.0
583445	-0.4973930600000003	0.12868623	next_progenitor	0.0
612748	-0.4973930600000003	0.18505907	first_progenitor	0.0
612749	-0.4973930600000003	0.18505907	next_progenitor	165888770.0
615962	-0.4973930600000003	0.90684265	first_progenitor	0.0
621688	-0.4973930600000003	0.90684265	next_progenitor	0.0
624551	-0.4973930600000003	2.1843145	first_progenitor	0.0
629514	-0.4973930600000003	2.1843145	next_progenitor	0.0
655885	-0.4973930600000003	0.20638295	first_progenitor	0.0
654188	-0.4973930600000003	0.20638295	next_progenitor	0.0
