	Subfind_ID	t-t_merg	q	Type	mass	int_type	center	sfr	SFR	num_mergers_in_last_2Gyr	N	r_1	r_2
1	116561	0.0	0.10112673	Merger	1003012360000.0	100	69	31.97729	31.97729	1	1	352.0920787565757	6512.94313784773
2	177883	0.0	1.2463099	Merger	7268994000.0	100	69	5.3697205	5.3697205	1	45	24.5717048866588	30.28383653916619
3	212955	0.0	0.89069307	Merger	1026105860.0	100	69	0.16857721	0.16857721	1	54	28.39322825254817	57.07054666630876
4	248454	0.0	0.26377204	Merger	128276930.0	100	69	0.011161593	0.011161593	1	76	76.11608427603831	81.37736077545227
5	287473	0.0	2.672953	Merger	1227420800.0	100	69	1.0544682	1.0544682	1	68	18.067629043377348	40.69951822689391
6	288721	0.0	1.0956372	Merger	207788020000.0	100	69	1.0872055	1.0872055	1	6	832.4872671407427	1020.344331221697
7	343383	0.0	1.0553666	Merger	1262132700.0	100	69	0.640717	0.640717	1	28	8.970617978256493	9.520169656431296
8	358232	0.0	2.2514555	Merger	807792830.0	100	69	0.73161525	0.73161525	1	24	7.8675694283061315	26.876229483832866
9	360933	0.0	0.23860116	Merger	84883055000.0	100	69	7.6409273	7.6409273	1	0	2344.4384400739254	2423.972726378264
10	385009	0.0	1.867197	Merger	251768670.0	100	69	0.27962446	0.27962446	1	35	4.750940224115206	13.181144222564308
11	469953	0.0	9.394161	Merger	4993142300.0	100	69	1.0413098	1.0413098	1	7	275.8992241819481	956.7601443834914
12	471098	0.0	0.2050208	Merger	89679800.0	100	69	0.026243316	0.026243316	2	22	68.80146279563753	107.97962106060304
13	488291	0.0	0.23299599	Merger	3918402300.0	100	69	1.1223409	1.1223409	1	9	35.18369588004424	417.0857624641433
14	491423	0.0	0.21532302	Merger	9626592000.0	100	69	4.420019	4.420019	2	12	756.0623036216277	923.1543194680015
15	498998	0.0	0.11956576	Merger	8837687000.0	100	69	0.9785439	0.9785439	1	1	1066.957896144099	2131.8951249116362
16	522968	0.0	0.13273638	Merger	5514212000.0	100	69	0.4136648	0.4136648	1	5	838.6752296668681	1178.4801109656523
17	527632	0.0	0.409353	Merger	807308600.0	100	69	0.14386383	0.14386383	1	26	20.20436931208205	21.585557347727363
18	536086	0.0	0.2360649	Merger	254700640.0	100	69	0.11447043	0.11447043	1	65	41.218522241503244	44.245478803239855
19	536258	0.0	0.10050153	Merger	3319571000.0	100	69	0.53637266	0.53637266	1	8	705.6616772947685	756.999447435981
20	543907	0.0	0.13868488	Merger	1621272000.0	100	69	0.43878114	0.43878114	1	12	44.61581205330908	902.3481478244103
21	547868	0.0	0.21342301	Merger	275501250.0	100	69	0.07865334	0.07865334	1	37	72.5994378512708	118.3851517367808
22	554146	0.0	1.2338463	Merger	1412025100.0	100	69	0.07745307	0.07745307	1	8	131.18596196500727	926.6377266423452
23	559303	0.0	0.5825096	Merger	2854533400.0	100	69	1.3724916	1.3724916	1	0	2811.657192306485	3421.9686211558646
24	565937	0.0	0.22472514	Merger	552298050.0	100	69	0.11752688	0.11752688	1	24	249.70189052663238	327.2901020058192
25	569158	0.0	0.24121977	Merger	2268571400.0	100	69	0.31941083	0.31941083	1	3	669.1087886545901	1336.815927961775
26	571831	0.0	0.16766885	Merger	200747170.0	100	69	0.009894763	0.009894763	1	7	145.722742648058	162.76404679342363
27	574582	0.0	0.100299545	Merger	1279288700.0	100	69	0.3351698	0.3351698	1	17	760.22700046299	789.7729302001765
28	581379	0.0	0.11943409	Merger	374425900.0	100	69	0.12696032	0.12696032	1	9	520.9523176339013	703.1586920727589
29	583622	0.0	0.43327153	Merger	346695520.0	100	69	0.109063365	0.109063365	1	4	178.02929077645857	589.7171111378027
30	590523	0.0	0.1362523	Merger	291288350.0	100	69	0.10857124	0.10857124	2	7	131.25327414786767	391.278135056696
31	593584	0.0	0.14832522	Merger	171667980.0	100	69	0.049661513	0.049661513	1	3	242.6998113186667	1104.7952967661765
32	605169	0.0	0.26181972	Merger	969156160.0	100	69	0.3589	0.3589	2	0	2297.474588746929	2497.2677783214576
33	607655	0.0	0.15149337	Merger	705690200.0	100	69	0.17491591	0.17491591	1	6	987.6940407698285	1512.0426550299794
34	609109	0.0	0.988153	Merger	380966500.0	100	69	0.33876166	0.33876166	1	2	1569.6345527067883	1662.7311246752074
35	613456	0.0	0.38523912	Merger	575377900.0	100	69	0.073642775	0.073642775	1	1	775.574960392075	3110.6808621325495
36	615967	0.0	0.17141533	Merger	648384500.0	100	69	0.11307128	0.11307128	1	58	816.7900139315138	1091.0559705204832
37	621505	0.0	0.30319858	Merger	411082340.0	100	69	0.1325304	0.1325304	1	18	349.6401956532182	954.43648576003
38	625786	0.0	0.32465455	Merger	549888600.0	100	69	0.18010466	0.18010466	2	13	814.4640716822844	833.5503170969074
39	628759	0.0	0.14903682	Merger	310474850.0	100	69	0.09943119	0.09943119	1	1	1363.3666201307642	3334.7077161363113
40	638786	0.0	0.14922422	Merger	257669570.0	100	69	0.072801605	0.072801605	1	24	245.9220106530899	753.927281250139
41	643247	0.0	0.1016691	Merger	98586420.0	100	69	0.0121981185	0.0121981185	1	27	85.04846940610588	428.40869973230997
42	643804	0.0	0.11921821	Merger	344094980.0	100	69	0.06382165	0.06382165	1	37	273.5508457676291	359.3567972476102
43	652379	0.0	1.8459706	Merger	122556580.0	100	69	0.011665439	0.011665439	1	53	323.43921863026975	365.8406434565999
44	660316	0.0	0.9848357	Merger	162253860.0	100	69	0.02210215	0.02210215	1	51	1066.2239336935515	1181.423457755589
45	682432	0.0	0.26739097	Merger	125243770.0	100	69	0.032426033	0.032426033	1	84	270.2737538403608	291.85507087442807
46	683599	0.0	0.30045414	Merger	123649990.0	100	69	0.007011676	0.007011676	1	50	414.6916413751462	418.83088586171294
47	684886	0.0	0.44253802	Merger	99049430.0	100	69	0.030821932	0.030821932	1	11	448.75590155564373	580.6774892033019
48	712944	0.0	0.102798656	Merger	98637016.0	100	69	0.01112008	0.01112008	2	110	232.32853908214588	273.4100606587763
50	0	-0.1605050499999993	0.1764896	first_progenitor	2083414200000.0	1	69	264.8266	264.8266	0	3	412.42786454175643	1288.0588635423767
54	358981	-0.1605050499999993	1.2354707	first_progenitor	32165835000.0	1	69	2.1580093	2.1580093	0	5	292.7005070243781	445.21776143303265
55	714289	-0.1605050499999993	0.11553202	next_progenitor	102750424.0	10	69	0.0062347413	0.0062347413	0	24	565.0945842104543	690.5161588784581
56	729881	-0.1605050499999993	0.21159892	first_progenitor	93403736.0	1	69	0.030514749	0.030514749	0	24	635.7044003896748	817.3701698204103
57	570974	-0.3229796799999995	1.9918603	next_progenitor	3411330000.0	10	69	0.23119937	0.23119937	0	0	2009.8625007115993	2745.3397948228176
58	624761	-0.4874113599999994	0.1732579	next_progenitor	885026300.0	10	69	0.28958607	0.28958607	0	16	411.5710952461016	416.08661793411716
59	653348	-0.4874113599999994	0.3476577	first_progenitor	210769730.0	1	69	0.02219249	0.02219249	0	1	1532.6370530210286	2646.31601021428
