Subfind_ID	t-t_merg	q	Type	mass
149566	-0.16443167999999986	1.0923967	first_progenitor	0.0
118320	-0.16443167999999986	1.0923967	next_progenitor	0.0
131483	-0.16443167999999986	0.36396515	first_progenitor	0.0
131773	-0.16443167999999986	0.36396515	next_progenitor	0.0
163988	-0.16443167999999986	0.14326692	first_progenitor	0.0
163999	-0.16443167999999986	0.14326692	next_progenitor	0.0
148614	-0.16443167999999986	0.35980058	first_progenitor	0.0
148626	-0.16443167999999986	0.35980058	next_progenitor	0.0
171146	-0.16443167999999986	0.1759836	first_progenitor	0.0
171155	-0.16443167999999986	0.1759836	next_progenitor	0.0
266831	-0.16443167999999986	0.27397016	first_progenitor	0.0
266832	-0.16443167999999986	0.27397016	next_progenitor	0.0
264040	-0.16443167999999986	0.13035537	first_progenitor	0.0
264043	-0.16443167999999986	0.13035537	next_progenitor	0.0
291247	-0.16443167999999986	0.40953776	first_progenitor	0.0
291249	-0.16443167999999986	0.40953776	next_progenitor	0.0
298884	-0.16443167999999986	0.12771188	first_progenitor	0.0
299137	-0.16443167999999986	0.12771188	next_progenitor	0.0
308446	-0.16443167999999986	0.56230694	first_progenitor	0.0
307736	-0.16443167999999986	0.56230694	next_progenitor	0.0
309504	-0.16443167999999986	0.13890485	first_progenitor	0.0
309601	-0.16443167999999986	0.13890485	next_progenitor	0.0
308791	-0.16443167999999986	0.8178844	first_progenitor	0.0
309530	-0.16443167999999986	0.8178844	next_progenitor	0.0
316324	-0.16443167999999986	0.45531437	first_progenitor	0.0
316328	-0.16443167999999986	0.45531437	next_progenitor	0.0
331149	-0.16443167999999986	1.0326972	first_progenitor	0.0
327971	-0.16443167999999986	1.0326972	next_progenitor	0.0
340605	-0.16443167999999986	0.17705871	first_progenitor	0.0
340615	-0.16443167999999986	0.17705871	next_progenitor	0.0
346559	-0.16443167999999986	0.31129226	first_progenitor	0.0
343405	-0.16443167999999986	0.31129226	next_progenitor	0.0
346547	-0.16443167999999986	0.89990836	first_progenitor	0.0
343381	-0.16443167999999986	0.89990836	next_progenitor	238557.33
355147	-0.16443167999999986	0.113571994	first_progenitor	0.0
355151	-0.16443167999999986	0.113571994	next_progenitor	0.0
356101	-0.16443167999999986	0.16899316	first_progenitor	0.0
356103	-0.16443167999999986	0.16899316	next_progenitor	0.0
364283	-0.16443167999999986	0.1407988	first_progenitor	0.0
357559	-0.16443167999999986	0.1407988	next_progenitor	0.0
415592	-0.16443167999999986	0.20338832	first_progenitor	0.0
415596	-0.16443167999999986	0.20338832	next_progenitor	0.0
429613	-0.16443167999999986	0.42642096	first_progenitor	137610.7
426193	-0.16443167999999986	0.42642096	next_progenitor	0.0
436546	-0.16443167999999986	0.38294226	first_progenitor	0.0
436550	-0.16443167999999986	0.38294226	next_progenitor	0.0
469350	-0.16443167999999986	1.3755695	first_progenitor	0.0
469349	-0.16443167999999986	1.3755695	next_progenitor	0.0
480379	-0.16443167999999986	0.16990615	first_progenitor	0.0
480389	-0.16443167999999986	0.16990615	next_progenitor	0.0
510256	-0.16443167999999986	0.27604717	first_progenitor	0.0
510260	-0.16443167999999986	0.27604717	next_progenitor	0.0
515205	-0.16443167999999986	0.32024226	first_progenitor	353756.88
515210	-0.16443167999999986	0.32024226	next_progenitor	0.0
538524	-0.16443167999999986	0.12937658	first_progenitor	0.0
538525	-0.16443167999999986	0.12937658	next_progenitor	0.0
556496	-0.16443167999999986	0.1723957	first_progenitor	0.0
556499	-0.16443167999999986	0.1723957	next_progenitor	0.0
559051	-0.16443167999999986	0.17403777	first_progenitor	0.0
559062	-0.16443167999999986	0.17403777	next_progenitor	285323.22
580349	-0.16443167999999986	0.22974676	first_progenitor	0.0
580355	-0.16443167999999986	0.22974676	next_progenitor	0.0
584879	-0.16443167999999986	0.33815312	first_progenitor	0.0
584883	-0.16443167999999986	0.33815312	next_progenitor	0.0
584538	-0.16443167999999986	0.13201554	first_progenitor	0.0
584556	-0.16443167999999986	0.13201554	next_progenitor	0.0
602546	-0.16443167999999986	0.25758314	first_progenitor	0.0
602547	-0.16443167999999986	0.25758314	next_progenitor	76318.875
610731	-0.16443167999999986	0.31466144	first_progenitor	0.0
610737	-0.16443167999999986	0.31466144	next_progenitor	0.0
609887	-0.16443167999999986	2.015238	first_progenitor	66079996.0
609880	-0.16443167999999986	2.015238	next_progenitor	0.0
614564	-0.16443167999999986	0.139127	first_progenitor	0.0
614604	-0.16443167999999986	0.139127	next_progenitor	0.0
614911	-0.16443167999999986	0.15558527	first_progenitor	0.0
614919	-0.16443167999999986	0.15558527	next_progenitor	0.0
617534	-0.16443167999999986	0.23162253	first_progenitor	0.0
617536	-0.16443167999999986	0.23162253	next_progenitor	0.0
619162	-0.16443167999999986	0.43100226	first_progenitor	0.0
619195	-0.16443167999999986	0.43100226	next_progenitor	807603.9
628593	-0.16443167999999986	0.49025503	first_progenitor	0.0
628598	-0.16443167999999986	0.49025503	next_progenitor	0.0
630731	-0.16443167999999986	0.1732579	first_progenitor	0.0
630734	-0.16443167999999986	0.1732579	next_progenitor	0.0
637238	-0.16443167999999986	0.27257285	first_progenitor	78426.36
637240	-0.16443167999999986	0.27257285	next_progenitor	36811.066
639903	-0.16443167999999986	0.40502366	first_progenitor	0.0
639911	-0.16443167999999986	0.40502366	next_progenitor	0.0
647560	-0.16443167999999986	0.15346137	first_progenitor	0.0
647574	-0.16443167999999986	0.15346137	next_progenitor	0.0
653875	-0.16443167999999986	0.11404498	first_progenitor	0.0
653879	-0.16443167999999986	0.11404498	next_progenitor	0.0
660346	-0.16443167999999986	0.3476577	first_progenitor	0.0
660348	-0.16443167999999986	0.3476577	next_progenitor	0.0
661136	-0.16443167999999986	0.32413068	first_progenitor	0.0
661138	-0.16443167999999986	0.32413068	next_progenitor	0.0
662479	-0.16443167999999986	0.23425111	first_progenitor	0.0
662484	-0.16443167999999986	0.23425111	next_progenitor	0.0
